atributos_novos/Unit_B1_Upper_InsPh_Mean.grd
DSAA 
487 821
667000 691300
7126000 7167000
117.7262 -114.919
[rows 243 to 269 of 818, columns 60 to 119 of 487]
6.304185 6.218669 5.449646 4.889983 5.412817 7.135571 11.127334 16.120663 21.682634 27.029364 32.067997 35.909279 37.91901 38.885345 39.007107 37.522545 34.790829 32.282379 29.327911 25.817024 22.148523 18.157303 14.369847 10.318223 7.455136 6.036276 6.196208 5.937651 4.79087 1.619727 -2.906577 -8.601146 -13.442161 -15.64915 -17.717926 -20.808905 -22.663395 -22.951021 -22.146166 -15.996771 -4.336504 7.779988 16.617189 20.45797 19.066351 13.949801 7.88082 4.46227 6.436285 9.962716 13.138893 16.70686 19.572338 20.427933 21.716919 23.383232 23.665041 22.35182 18.72044 12.079166
11.476185 9.759922 8.209714 7.577741 8.180376 11.338178 15.643371 20.413027 25.03253 29.356382 32.383564 33.728504 34.612968 34.857376 33.59206 31.180752 28.896875 25.83877 22.677214 19.798164 16.948555 14.215955 11.256324 8.736522 6.867629 5.863612 4.907324 3.179471 -0.147807 -3.844247 -7.832917 -11.228846 -11.973614 -12.423913 -14.711887 -17.145079 -18.91514 -20.367935 -17.15406 -8.1694 2.881277 12.274239 18.029753 19.205042 16.791487 12.352653 9.485239 11.418164 14.826241 17.653084 21.433775 24.735764 25.357182 25.908169 26.757921 25.690607 22.637438 17.32366 8.987164 -1.756527
13.603633 10.974606 9.148603 8.744708 10.928975 14.518661 18.602015 22.757442 26.567053 29.080971 30.086683 31.016026 31.305906 30.228172 28.214937 26.239025 23.206127 20.368067 18.066797 16.056393 13.855059 11.573845 9.21186 6.973666 5.167586 4.168252 2.6292 -0.147783 -2.605716 -4.83728 -6.854857 -6.240405 -4.877352 -5.772013 -8.235151 -11.111165 -14.696664 -14.77977 -9.292394 -0.188047 8.851738 15.610332 18.749081 18.688375 15.864682 13.740177 15.70019 18.76475 20.932739 24.401484 27.577307 27.820547 27.848814 28.327557 26.562424 22.463232 15.91704 6.239369 -6.08806 -18.337666
13.14076 10.25631 8.9367 10.179259 13.072971 16.748611 20.79006 24.48443 26.82279 27.750977 28.612194 28.745331 27.66839 25.924196 24.216291 21.309645 18.770712 16.78923 15.217168 13.087101 11.115966 8.678799 6.096896 3.738124 3.000251 2.019114 0.356683 -0.427949 -0.628996 -1.062177 0.986537 4.096199 4.675445 2.469618 -1.176076 -6.519228 -9.694949 -7.850299 -1.307356 6.66185 13.589524 17.76687 19.548859 18.410238 17.155647 18.972689 21.752871 23.111103 25.668699 28.117054 28.065922 27.761326 28.131668 26.316782 21.965294 14.73214 4.313507 -8.846648 -21.466852 -31.656576
11.270258 9.488391 10.095304 12.473107 15.864619 19.884544 23.4641 25.603935 26.392487 26.976753 26.756205 25.541351 23.946486 22.578323 20.125977 17.915342 16.058743 14.64066 12.119895 9.890547 7.184746 4.53666 2.074724 2.096788 2.365813 2.379482 3.305459 4.959519 5.803403 8.482737 12.478894 14.147726 12.218793 8.079185 1.74569 -3.786414 -5.323184 -1.609962 4.658397 10.783329 15.159919 18.159235 18.498632 18.351425 20.307688 22.834549 23.642805 25.370947 26.914911 26.670515 26.505785 27.024796 25.435804 21.358362 13.97406 3.40588 -9.776542 -22.127169 -31.380602 -34.389156
9.685468 10.041898 12.190147 15.450796 19.501369 22.920059 24.732241 25.257555 25.284147 24.364914 22.8983 21.484415 20.404366 18.67338 17.009527 15.136942 13.638 10.939393 8.510886 5.794901 3.731895 1.701302 2.332431 3.564542 4.931551 6.888399 9.72962 11.45731 14.43124 18.659695 20.911133 19.137615 14.672846 7.793881 0.767218 -3.309353 -2.102791 2.414785 7.287967 11.145552 14.516259 15.837208 16.546055 18.601223 20.974932 21.770933 23.197718 24.343639 24.531902 25.143793 26.039154 24.684803 21.004128 13.776409 3.469205 -9.154869 -20.596395 -28.839491 -30.69315 -29.359713
10.118883 12.123943 15.169745 18.931194 21.856289 23.140066 23.258661 22.595825 20.898504 19.074314 17.674713 16.814007 15.821778 14.897681 13.332074 11.98787 9.552505 7.224264 4.846674 3.719995 2.700516 3.9599 6.069739 8.467688 10.996332 14.095127 15.986511 18.550066 22.099716 23.957983 22.034698 17.304428 10.332932 2.805519 -2.569755 -3.121939 0.122589 3.850864 6.757837 9.682559 11.181398 11.898359 13.551219 15.837686 17.240416 19.30435 21.197857 22.771605 24.673615 25.973272 24.497889 20.806498 13.610994 3.768955 -7.794593 -17.71171 -24.786104 -26.106724 -24.733824 -20.010384
11.794135 14.416799 17.584229 19.940958 20.623867 20.253897 18.871578 16.605965 14.512187 13.144589 12.478485 12.312633 12.307819 11.379402 10.450954 8.688672 6.858432 5.053641 4.886515 4.947375 6.698887 9.115885 11.92091 14.516658 17.272291 18.709473 20.36356 22.5902 23.25741 20.838209 15.992358 9.533158 2.464506 -3.003046 -4.465799 -2.122072 0.530711 2.236994 4.224287 5.378514 5.741433 6.855353 9.263598 11.746786 15.083704 18.369011 21.752546 25.049725 26.598001 24.685759 20.640602 13.502442 4.338995 -5.770083 -13.868911 -19.807686 -21.358791 -20.828533 -17.355516 -13.885323
13.197412 15.443235 16.998802 17.08622 16.356028 14.626759 12.21167 10.113345 8.834546 8.240402 8.673906 9.394382 9.14218 8.850864 8.143189 7.14868 6.365927 7.521788 8.81235 11.023783 13.53287 16.097357 17.915869 19.569715 19.84594 20.08428 20.69739 20.009701 17.142956 12.497887 6.868521 0.691104 -4.296346 -6.353645 -4.879907 -3.352732 -2.781749 -1.985376 -1.450822 -1.592353 -0.87057 1.586833 5.204856 10.131357 15.252032 20.607531 25.497278 27.687716 25.445234 20.921154 13.834208 5.367111 -3.389227 -9.723785 -14.697416 -16.899071 -17.830492 -16.177549 -14.26624 -11.291473
12.864882 13.816628 13.556325 12.614319 10.769364 8.271388 6.167486 4.903149 4.230686 4.889307 6.14737 6.570188 7.041823 7.767346 8.21474 9.046895 11.621468 14.000408 16.197861 18.026953 19.285152 19.799381 20.105873 19.34947 18.613752 18.319061 16.740545 13.604736 9.160798 4.337471 -1.033391 -5.463754 -7.70594 -6.76503 -6.21991 -6.57304 -6.99077 -7.476277 -8.59858 -8.512886 -6.246349 -1.826705 4.416023 11.345518 18.565948 24.878056 27.90481 25.844311 21.081633 14.09683 6.24098 -1.353172 -6.170355 -10.080379 -12.50025 -14.292053 -14.061876 -13.53002 -11.263422 -8.087037
11.054499 10.688131 9.77085 8.039885 5.694366 3.622077 2.287856 1.483004 2.133888 3.601105 4.570023 5.652476 7.480561 9.178754 11.522423 15.169909 18.486473 20.734247 21.820065 21.559521 20.792345 19.869293 18.298685 17.080818 16.514406 14.585761 11.406681 7.30302 3.224974 -1.466057 -5.363459 -7.511938 -7.065841 -7.392075 -8.428195 -9.793509 -11.322349 -13.307903 -13.768374 -11.8248 -7.227551 -0.435531 7.392236 15.457799 22.296703 25.779312 24.056561 19.232224 12.377394 5.102868 -1.360637 -4.937019 -7.63831 -9.604959 -11.412614 -12.003339 -12.252428 -10.483078 -7.330613 -3.874404
8.979923 8.357236 7.014152 5.160792 3.366431 2.082876 1.123541 1.537203 2.773082 3.826628 5.065317 7.402902 9.972102 13.435716 17.809391 21.734142 24.085381 24.313238 22.466785 20.345774 18.346434 16.144934 15.013252 14.9776 13.581198 10.955009 7.604772 4.177277 -0.199905 -3.885968 -6.106807 -6.505349 -7.666945 -8.920441 -10.739766 -12.814746 -14.930103 -15.614537 -14.41233 -10.522382 -4.419892 2.798202 10.43876 17.095961 20.859045 19.955976 15.834681 9.719604 3.305952 -2.030977 -4.738383 -6.390766 -7.581177 -8.745673 -9.458823 -9.930317 -8.54579 -5.668361 -2.59554 -0.70001
8.815161 8.287026 7.114559 5.733845 4.469243 3.204273 2.947261 3.47551 4.11312 5.159627 7.61189 10.696294 15.005984 19.875692 24.072599 26.417261 26.101429 22.967915 19.645702 16.827894 14.231703 13.318767 13.96565 13.531167 11.710459 9.145117 6.254039 2.183275 -1.377323 -3.509047 -4.409494 -6.138927 -7.291347 -9.232872 -11.726864 -14.029717 -15.122073 -15.246571 -12.90961 -8.445917 -2.819864 3.560343 9.539253 13.352283 13.350691 10.257422 5.012935 -0.62243 -5.089648 -7.215439 -7.897911 -7.735525 -7.393056 -7.265851 -7.152433 -5.798709 -3.261698 -0.803367 0.749564 1.182512
10.612416 10.147847 9.269887 8.28323 6.908384 5.998135 5.696877 5.720987 6.236359 8.350054 11.598934 16.316828 21.191118 25.308044 27.545788 26.808746 22.861217 18.902227 15.762359 13.192791 12.607636 13.779123 14.209517 12.956488 10.854198 8.469754 4.949718 1.774711 0.403328 -0.187096 -1.839861 -2.513083 -4.159234 -7.009057 -9.621202 -11.301871 -12.875292 -12.397081 -10.117711 -6.884736 -2.765761 1.446883 4.214758 4.443859 2.069094 -2.498211 -7.519964 -11.333837 -13.128006 -12.875738 -10.845371 -8.254802 -6.370684 -4.845475 -3.04521 -0.948132 0.601044 1.494411 1.061357 -0.779056
13.166716 12.771441 12.144805 10.673891 9.321555 8.427224 7.98906 8.009279 9.605783 12.531206 16.870127 21.290283 25.046001 27.261282 26.532209 22.752888 18.756021 15.650942 13.040508 12.573714 13.652108 14.440258 13.572136 12.115095 10.280343 7.698796 5.356811 4.735071 4.473325 3.184095 2.994006 1.842772 -0.625733 -2.959756 -4.760391 -7.17202 -8.194722 -8.062939 -7.417953 -6.106239 -4.615455 -4.117659 -5.13982 -7.976507 -12.742701 -17.707502 -21.134937 -22.502241 -21.320396 -17.219351 -11.946752 -7.7233 -4.21764 -1.413228 0.530712 1.183581 1.402367 0.090116 -2.557886 -6.241786
15.239917 15.048401 13.589757 12.05377 10.92118 10.265629 10.037759 11.23346 13.733326 17.419586 21.184603 24.385723 26.589235 26.188885 23.096064 19.464752 16.487112 13.66229 12.787148 13.148156 13.710693 12.955653 11.931663 10.649155 9.139163 7.806859 7.967642 8.300204 7.578819 7.884171 7.282478 5.517993 3.735597 2.196472 -0.497959 -2.393553 -3.907731 -5.408137 -6.623368 -7.821743 -9.849179 -12.666793 -16.55142 -21.906616 -27.068819 -30.454462 -31.58712 -29.776064 -24.078548 -16.572769 -9.991867 -4.40985 -0.502582 1.350833 1.073346 0.397577 -1.980554 -5.428648 -9.745714 -13.389506
15.821966 14.565699 13.161878 12.290277 11.8592 11.753854 12.785105 14.918192 17.840656 20.730732 23.23485 25.270647 25.272972 23.139528 20.312613 17.769627 14.998692 13.735184 13.192582 13.168898 12.121593 11.024417 10.057121 9.652751 9.383042 10.477143 11.836426 11.744635 12.046655 11.644489 10.264932 8.607835 7.360176 5.169182 3.148933 0.81172 -1.918851 -5.000879 -8.715325 -13.155241 -17.902596 -23.264412 -29.676388 -35.338585 -38.936508 -40.035122 -37.713234 -30.615454 -21.187929 -12.565712 -5.096118 -0.219761 1.48454 0.164223 -1.551524 -5.214078 -9.686326 -14.770503 -18.936913 -22.416107
13.084319 12.310954 12.141357 12.246719 12.481158 13.537685 15.356822 17.496933 19.556835 21.416731 23.137852 23.363415 22.183754 20.257763 18.274477 15.879039 14.557694 13.379197 12.940397 11.768329 10.619692 9.859183 10.421054 11.090858 12.873248 14.992887 15.430385 15.333454 14.591165 13.174071 11.441289 10.542183 9.410423 8.156524 6.148778 3.454653 -0.459363 -5.875471 -12.188406 -18.681129 -25.659225 -33.241257 -39.510971 -43.42963 -44.705616 -42.344017 -34.742336 -24.509054 -14.952476 -6.603495 -1.314299 -0.008368 -2.420908 -5.093354 -9.760089 -15.093439 -20.573513 -24.793854 -28.715599 -29.976149
9.472005 10.184952 10.982708 11.849523 13.273788 14.903533 16.296026 17.684128 19.032661 20.385923 20.828547 20.596016 19.55047 18.069801 15.979711 14.678427 13.135759 12.431816 11.44503 10.662576 10.266772 11.52512 12.840096 14.717173 16.751574 17.006519 16.015425 14.429786 12.649228 10.873516 10.459211 10.603887 10.624812 9.907442 8.429956 5.07784 -0.606623 -7.63928 -15.24519 -23.524822 -32.070717 -38.902012 -43.002865 -44.422413 -42.419857 -35.474281 -25.758366 -16.609621 -8.456353 -3.315918 -2.193053 -5.175045 -8.35985 -13.666033 -19.551287 -25.363123 -29.674295 -34.040821 -35.380325 -34.338318
7.86686 9.023252 10.344288 11.994198 13.479312 14.454358 15.411681 16.356915 17.326702 17.92885 18.315685 17.986437 16.976715 15.336057 14.093949 12.550428 11.833609 11.086429 10.591872 10.638917 12.200748 13.700332 15.461161 17.119951 16.803196 14.7953 12.281332 9.737029 7.679698 7.437779 8.472648 9.480885 10.240983 10.387573 8.489713 4.005708 -1.969931 -8.899188 -17.048634 -25.327156 -31.957554 -36.101276 -38.088173 -36.852028 -31.56485 -23.822113 -16.328024 -9.376404 -5.117537 -4.334114 -7.524317 -10.994246 -16.53767 -22.82719 -29.108234 -33.797791 -38.621006 -40.41338 -39.198963 -37.785439
6.877747 8.320879 9.880374 11.10574 11.738782 12.452036 13.172736 13.858963 14.529383 15.358166 15.622302 15.251239 14.446398 13.840206 12.954651 12.890696 12.804845 12.763723 13.19275 14.68645 15.728172 16.639359 17.214354 15.774657 12.491699 9.031773 5.746024 3.436698 3.22425 4.847411 6.406331 8.367388 10.048347 9.957038 7.411656 3.68206 -1.358838 -8.340414 -15.817795 -22.075891 -26.446327 -29.306412 -29.07477 -25.549576 -19.97473 -14.651791 -9.560239 -6.745084 -6.687121 -10.088591 -13.60442 -18.813309 -25.123693 -31.622747 -36.739029 -41.954655 -44.426575 -43.195595 -41.174057 -39.046612
5.941369 7.121206 7.906642 8.242364 8.923846 9.632676 10.256487 11.151456 12.412499 13.172764 13.442394 13.451643 13.435157 13.263403 13.965855 14.763347 15.495938 16.600172 18.000256 18.410681 17.9897 16.793022 13.822551 9.417459 5.23148 1.642778 -0.363024 -0.363278 1.480707 3.40777 6.395574 9.423017 11.28373 11.345507 10.298353 7.382133 1.819393 -4.8733 -11.246338 -16.386978 -20.466499 -21.695211 -20.231976 -16.975941 -13.824116 -10.65093 -9.098023 -9.524348 -12.634047 -15.696954 -20.033567 -25.771473 -32.015404 -37.392136 -42.893597 -46.088047 -45.247375 -42.838787 -39.424507 -36.660278
4.547436 4.979657 5.155067 5.885437 6.65942 7.462209 8.716773 10.403741 11.590649 12.454226 13.083981 13.420309 13.765746 14.947104 16.342897 17.68845 19.4328 20.518957 20.020056 17.976049 14.733936 9.978742 4.786484 0.638177 -2.393641 -3.318986 -2.548559 -0.434485 1.459596 4.762875 8.296286 11.443454 13.686445 15.147861 14.331126 10.211931 4.209088 -2.597636 -8.807618 -14.214058 -16.661169 -16.776539 -15.1324 -13.419605 -11.46849 -10.839114 -11.53506 -14.15098 -16.723732 -20.249125 -25.11311 -30.840616 -36.321331 -41.887444 -45.639595 -45.399555 -42.704639 -38.146152 -33.645157 -30.677807
2.887974 2.960631 3.642298 4.440236 5.497643 7.065929 9.0481 10.545633 11.815681 12.96512 13.582427 14.27774 15.8402 17.682764 19.314884 21.439812 22.233707 20.87604 17.348192 12.41968 6.15838 0.415606 -3.401113 -5.393404 -5.015388 -3.256373 -0.806537 0.909482 3.854011 7.115865 10.808924 14.665551 18.319281 19.639589 17.218237 11.918242 4.482794 -3.171058 -10.18775 -13.935084 -15.160152 -14.396975 -13.359683 -12.083056 -12.207065 -13.400717 -15.960845 -18.384382 -21.189928 -24.883287 -29.480507 -34.257111 -39.122501 -42.838589 -43.004116 -40.275028 -35.229084 -29.822575 -25.74711 -24.001665
2.379492 3.090636 3.966936 5.292877 7.024373 9.100368 10.631701 12.000934 13.341211 14.18669 15.024468 16.850143 19.063002 20.81711 22.937481 23.492105 21.472544 16.829634 10.784666 3.55432 -2.410111 -5.722441 -6.569654 -4.90763 -1.974676 0.897402 2.602331 4.998497 7.670219 11.358244 16.102943 20.974499 23.586004 22.208839 16.912754 8.339963 -0.933574 -9.459709 -14.344702 -16.0963 -15.350502 -14.239942 -13.04137 -13.733244 -15.700755 -18.817717 -21.623028 -24.292452 -26.718224 -29.462435 -32.453247 -35.725285 -38.399513 -38.555191 -36.095886 -31.416595 -26.028896 -21.795362 -19.807444 -19.465973
4.601272 5.508488 6.955232 8.662618 10.560496 11.78893 12.788872 13.661464 14.163246 14.673965 16.211771 18.347984 20.070297 22.035303 22.419527 20.24135 15.2915 9.045205 1.716114 -3.875006 -6.448141 -6.187491 -3.510674 0.443455 3.744532 5.660316 7.661897 9.800738 13.146516 18.123955 23.138769 25.963497 24.824059 19.248976 9.530437 -0.98818 -10.455614 -16.017437 -18.066683 -17.001656 -15.433022 -13.988797 -14.996357 -17.475132 -21.175545 -24.506763 -27.328588 -28.577345 -29.414747 -30.340551 -31.782772 -33.151649 -33.380951 -31.663654 -28.014391 -23.430965 -19.650396 -17.678049 -17.565758 -18.285797
9.307328 10.753616 12.198876 13.51363 13.995748 14.211141 14.289088 14.21666 14.287227 15.449145 17.266008 18.699583 20.156599 20.142923 17.714121 12.971351 7.275978 0.534236 -4.310801 -5.850234 -4.733961 -1.571436 3.121262 6.869953 8.931662 10.582179 12.310806 15.085208 19.560623 23.989132 26.414948 24.959805 18.996752 8.701654 -2.297851 -11.93672 -17.383516 -19.251764 -17.603867 -15.41019 -13.666576 -15.05022 -18.081133 -22.599216 -26.751396 -30.026875 -30.431421 -29.526146 -28.252369 -27.734802 -27.613293 -27.642239 -26.740276 -24.633902 -21.408833 -18.585243 -17.071995 -17.190096 -17.88205 -18.110334
