atributos_novos/Unit_B1_Lower_InsPh_Mean.grd
DSAA 
487 821
667000 691300
7126000 7167000
132.4077 -117.8419
[rows 338 to 363 of 818, columns 354 to 412 of 487]
-18.653563 -15.016584 -14.179409 -15.896156 -21.271837 -28.648561 -36.841152 -44.520935 -50.401268 -52.483715 -51.715443 -49.251026 -47.370853 -48.501278 -52.561161 -58.975941 -65.518875 -69.849243 -70.319656 -67.29071 -60.631847 -51.497936 -41.498699 -30.894608 -21.237627 -13.515336 -7.929265 -3.598912 -0.746989 1.500161 3.531537 5.21741 6.247418 6.150884 4.872178 2.717162 0.578941 -1.221833 -2.144241 -1.892537 -0.521708 1.45915 3.572792 5.59005 6.609243 6.439345 4.800596 1.798844 -1.843271 -4.438737 -5.388834 -5.161891 -3.566589 -1.090464 1.201088 1.884839 1.722552 0.571667 -2.487916
-22.013521 -21.166666 -22.285542 -27.281176 -33.68819 -40.564507 -47.389977 -53.097733 -55.182911 -54.725033 -52.360081 -50.046989 -50.254162 -53.083683 -58.178017 -63.943687 -67.926109 -68.172089 -64.938774 -58.244465 -48.993835 -38.85371 -28.221149 -18.993361 -11.770976 -6.802863 -3.055882 -0.732669 1.50779 3.677386 5.654446 6.940156 6.921814 5.470446 3.119237 0.837458 -1.041842 -1.908574 -1.601391 -0.232562 1.708403 3.734626 5.572218 6.322383 5.779759 3.638122 0.165244 -3.900874 -6.948787 -8.295779 -8.631125 -7.590092 -5.480784 -3.21641 -2.325793 -1.619104 -1.804167 -3.916441 -7.908594
-27.822626 -28.591927 -33.281956 -39.109196 -45.014889 -51.126999 -56.764824 -59.078072 -58.954487 -56.875912 -54.374973 -53.809963 -55.325348 -58.93499 -63.465172 -66.587158 -66.220444 -62.672047 -55.975124 -46.764698 -36.73077 -26.338617 -17.587109 -10.881827 -6.610518 -3.544142 -1.791277 0.414041 2.834132 5.3323 7.156477 7.528148 6.129851 3.684495 1.310444 -0.590453 -1.355183 -0.947539 0.453819 2.255883 3.975872 5.331241 5.559961 4.427701 1.667012 -2.276094 -6.656818 -10.091535 -11.938555 -12.650952 -11.860688 -9.858872 -7.412312 -5.803622 -4.170116 -3.454273 -4.826459 -7.950112 -9.843709
-32.663586 -36.814224 -42.32209 -47.809273 -53.731991 -59.690094 -62.934757 -63.745678 -62.526218 -60.295506 -59.292339 -59.442844 -61.297565 -64.196442 -66.117836 -64.934433 -60.996468 -54.262798 -45.023239 -35.036911 -24.907927 -16.697966 -10.639959 -7.23031 -5.04189 -3.877731 -1.76443 0.901696 3.960271 6.473607 7.314178 6.144273 3.737429 1.359378 -0.544464 -1.108984 -0.548658 0.958267 2.653195 4.101816 4.900226 4.589664 2.849818 -0.519365 -4.944516 -9.667152 -13.674847 -16.271509 -17.519207 -17.112946 -15.283156 -12.565334 -10.049712 -7.376115 -5.606494 -5.827985 -7.725378 -8.816 -9.863166
-38.604012 -44.998566 -51.383713 -57.783123 -64.160019 -68.122978 -69.549309 -68.877296 -66.893875 -65.40638 -64.399963 -64.668633 -65.945946 -66.689354 -64.941422 -60.889816 -54.303829 -45.156765 -35.22921 -25.262655 -17.265671 -11.600539 -8.916228 -7.549963 -6.967575 -5.151326 -2.395706 1.171523 4.515275 6.122565 5.530664 3.496161 1.326935 -0.547732 -1.014914 -0.345606 1.167344 2.673342 3.770659 4.027163 3.175437 0.930894 -2.845905 -7.534097 -12.598341 -17.233171 -20.768322 -22.812408 -23.064865 -21.612867 -18.888901 -15.636278 -12.157096 -9.444894 -8.420686 -8.837522 -8.940642 -9.177752 -10.189907
-48.951862 -55.98238 -62.466618 -68.503311 -72.600769 -74.486298 -74.232315 -72.568237 -71.059998 -69.380623 -68.289024 -68.091339 -67.813942 -65.687927 -61.761864 -55.648914 -46.890545 -37.254532 -27.535721 -19.617512 -14.191875 -12.088119 -11.325564 -11.127331 -9.646902 -6.764505 -2.574215 1.731997 4.249019 4.495851 2.974551 1.096669 -0.726611 -1.042515 -0.247357 1.333634 2.698502 3.483022 3.226015 1.93698 -0.618731 -4.519057 -9.112313 -14.124377 -18.97732 -23.195713 -25.966688 -27.085835 -26.469931 -24.425386 -20.956697 -17.128086 -13.805015 -11.765388 -10.779564 -10.198451 -9.852443 -10.414264 -10.742923
-59.079391 -65.941681 -71.804016 -76.108612 -78.63562 -78.849052 -77.495995 -76.08358 -73.799995 -71.45993 -69.95829 -68.800407 -66.438934 -62.816853 -57.412807 -49.260159 -40.086456 -30.687208 -22.805851 -17.318748 -15.396107 -14.755079 -14.56274 -13.241604 -10.233875 -5.545787 -0.566333 2.671316 3.692168 2.620003 1.03344 -0.661527 -0.868049 0.014538 1.664996 2.941136 3.5098 2.982725 1.550085 -0.984954 -4.734051 -9.036492 -13.793343 -18.586576 -23.221609 -26.350098 -27.974913 -28.050709 -26.842943 -23.51506 -20.042549 -16.85652 -14.411587 -12.519958 -11.53193 -10.559518 -10.48937 -10.579071 -10.786947
-66.369049 -72.082146 -76.664421 -80.250458 -81.247025 -80.384445 -79.428314 -76.988632 -73.735756 -71.316521 -69.594093 -67.050941 -63.618282 -58.82917 -51.352798 -42.835583 -34.037735 -26.527115 -21.163574 -19.262423 -18.315998 -17.760469 -16.276899 -13.104033 -8.127545 -2.886853 0.805572 2.365765 1.762272 0.598292 -0.838053 -0.955303 0.034648 1.792009 3.130738 3.804737 3.379507 2.185203 -0.019796 -3.446084 -7.45325 -11.906214 -16.6642 -21.687191 -25.218878 -27.466614 -28.440807 -28.210745 -25.419861 -22.690567 -19.945459 -17.285828 -14.675632 -13.078062 -11.198745 -10.164915 -9.80678 -9.822351 -10.428076
-69.402817 -74.167191 -78.873718 -80.831177 -80.754448 -80.58886 -78.482643 -74.779686 -71.840683 -69.73243 -66.958511 -63.53019 -59.27631 -52.631027 -45.077503 -37.292381 -30.551353 -25.531654 -23.501591 -21.851261 -20.478958 -18.42959 -14.815578 -9.544008 -4.275852 -0.416449 1.433487 1.133948 0.308326 -0.875614 -0.969864 0.104945 1.96304 3.460632 4.426866 4.444038 3.821687 2.256239 -0.6755 -4.355976 -8.56601 -13.472552 -19.156288 -23.332182 -26.378393 -28.492525 -29.366388 -27.177229 -25.314377 -23.187689 -20.590805 -17.635662 -15.708159 -13.079428 -11.16471 -10.005185 -9.440838 -9.423626 -10.431206
-70.670319 -76.582001 -79.608185 -80.287132 -80.876366 -78.994461 -74.854172 -71.45932 -68.919647 -65.760872 -62.120533 -58.259201 -52.472408 -45.911491 -39.210411 -33.422318 -28.801632 -26.405149 -23.843454 -21.483229 -18.707769 -14.664371 -9.414327 -4.709272 -1.346685 0.215089 -0.168963 -0.844943 -1.657282 -1.545715 -0.190419 1.932975 3.77901 5.215996 5.946225 6.136421 5.370893 2.973123 -0.409015 -4.447698 -9.452591 -15.379191 -19.64929 -22.972801 -25.558517 -26.987522 -25.256117 -24.009678 -22.295824 -20.015144 -17.166401 -15.409352 -13.004385 -11.03957 -9.570821 -8.770059 -8.476139 -9.075594 -10.045751
-75.017586 -79.051758 -80.383553 -81.160934 -78.979553 -74.083832 -70.110779 -66.930176 -63.303497 -59.334759 -55.685486 -50.59296 -44.83334 -39.011314 -34.123009 -29.877426 -27.011904 -23.632099 -20.469584 -17.089037 -12.899199 -8.112958 -4.376338 -1.903981 -1.005842 -1.646401 -2.2455 -2.703552 -2.361591 -0.704418 1.715503 3.997158 6.022821 7.592711 8.645266 8.558517 6.484318 3.090698 -1.228767 -6.686255 -12.883034 -17.120113 -20.248215 -22.505741 -23.586033 -21.937969 -21.028173 -19.695808 -18.169308 -16.127808 -14.765382 -12.797866 -11.158526 -9.377679 -8.277068 -7.828497 -8.152289 -9.082674 -10.794098
-78.186882 -79.670853 -80.24366 -77.516586 -71.72979 -67.080734 -63.247875 -59.123997 -54.8368 -51.37122 -47.043518 -42.155121 -37.320168 -33.410965 -29.779114 -26.591818 -22.667633 -18.939234 -15.165113 -11.012904 -6.909254 -4.14291 -2.588766 -2.432044 -3.282076 -3.771849 -3.94398 -3.321889 -1.280836 1.489221 4.279067 6.989593 9.364826 11.173072 11.531944 9.502178 5.779586 0.832377 -5.352322 -11.908564 -16.097174 -18.901136 -20.579803 -21.090639 -19.56004 -19.102411 -18.530104 -18.29945 -17.487694 -16.602043 -15.127919 -13.598913 -11.080197 -9.397181 -8.799436 -8.826859 -9.651231 -11.657522 -13.593138
-78.062805 -77.996773 -74.504631 -67.851372 -62.708069 -58.572598 -54.312485 -50.086666 -47.113541 -43.625172 -39.443577 -35.250526 -31.898657 -28.520596 -24.985882 -20.772917 -16.793234 -13.025291 -9.199827 -5.837219 -3.923542 -3.229997 -3.64092 -4.709329 -5.249568 -5.234482 -4.321174 -1.950824 1.163369 4.487487 7.723871 10.718599 12.986298 13.418537 11.063938 6.750674 0.876848 -6.151631 -12.952763 -16.938272 -19.142788 -19.91827 -19.616444 -18.180346 -18.15209 -18.565695 -20.002342 -20.875029 -20.64262 -19.770267 -18.32074 -14.756039 -11.961327 -10.959252 -10.510676 -10.928996 -13.084434 -15.183676 -16.959024
-75.330368 -70.741852 -63.185497 -57.574093 -53.326881 -49.238522 -45.568138 -43.297825 -40.677567 -37.097088 -33.119377 -29.734219 -26.208679 -22.294493 -18.033653 -14.298619 -11.092612 -8.131745 -5.744312 -4.628963 -4.555265 -5.243058 -6.185928 -6.571322 -6.285649 -5.036013 -2.419756 0.824974 4.382807 7.777748 10.953338 13.253386 13.443477 10.700666 5.942363 -0.652819 -8.128767 -14.609863 -18.087177 -19.560381 -19.176434 -17.867838 -16.678162 -17.101181 -18.569664 -21.835253 -24.514391 -24.874186 -24.610575 -23.257021 -18.804325 -15.248154 -14.217203 -13.490149 -13.400819 -15.493254 -17.458858 -18.782923 -19.35565
-67.17746 -58.647366 -52.266319 -47.751511 -43.764648 -40.77013 -39.290737 -37.624184 -34.778839 -31.054659 -27.559999 -23.871508 -19.735903 -15.597953 -12.314941 -9.764085 -7.664111 -6.059725 -5.325448 -5.382077 -5.981191 -6.671076 -6.91616 -6.615647 -5.272032 -2.7592 0.362907 3.861537 7.157954 10.049908 12.05267 11.790217 8.686231 3.61052 -3.328994 -10.917482 -17.00905 -20.200487 -21.167864 -20.121325 -18.278122 -17.62031 -18.827089 -21.824741 -26.974546 -31.478701 -32.326534 -32.01263 -29.887173 -24.01429 -19.17705 -17.682255 -16.631868 -16.117487 -18.131546 -19.938492 -20.820028 -20.927595 -20.419231
-54.537731 -47.774582 -43.236866 -39.332275 -36.979977 -36.172909 -35.371941 -33.329491 -30.038088 -26.525457 -22.798037 -18.575203 -14.560608 -11.61666 -9.599136 -8.13409 -7.035567 -6.400551 -6.28075 -6.475362 -6.72066 -6.797774 -6.501393 -5.171847 -2.905998 -0.057128 3.272058 6.331952 8.786848 10.363431 9.709669 6.510478 1.551539 -5.115487 -12.210642 -17.656532 -20.672726 -21.625807 -20.757591 -19.348362 -19.672541 -22.017307 -26.709713 -33.293564 -39.039913 -40.370148 -39.775795 -36.413677 -29.270346 -23.265411 -21.119568 -19.626728 -18.655857 -20.386124 -21.902617 -22.398426 -22.213608 -21.673717 -20.045197
-46.014904 -41.716534 -38.013458 -36.25985 -35.803463 -35.449112 -33.838516 -30.614916 -26.778433 -22.795231 -18.476576 -14.572238 -11.944479 -10.428003 -9.514151 -8.724091 -8.043581 -7.528732 -7.048824 -6.682431 -6.498619 -6.144016 -4.948527 -3.13708 -0.751838 2.233724 4.982217 7.035821 8.302678 7.540422 4.676589 0.207162 -5.819275 -12.21869 -17.180517 -20.460396 -21.84536 -21.59894 -20.767199 -21.559843 -24.273502 -29.595316 -36.333908 -42.406418 -44.091957 -43.245647 -39.190979 -31.849714 -25.527712 -23.121136 -21.529345 -20.288801 -21.711569 -23.041775 -23.426922 -23.306946 -23.130671 -21.720322 -19.493589
-41.944366 -38.411682 -37.237423 -36.896938 -36.790535 -35.386562 -32.035152 -27.726801 -23.479925 -19.008953 -15.161061 -12.65232 -11.368432 -10.689416 -10.016243 -9.14001 -8.210671 -7.111851 -6.150098 -5.642252 -5.305193 -4.337434 -3.08632 -1.356768 1.032932 3.471329 5.175693 6.34099 5.925312 3.974119 0.470282 -4.476114 -10.010597 -14.718226 -18.717926 -21.131409 -22.080212 -22.134634 -23.209267 -25.651331 -30.526518 -36.163563 -41.48048 -43.109623 -42.065475 -37.697273 -30.943949 -25.076719 -22.658274 -21.135942 -20.084879 -21.482389 -22.908844 -23.657244 -24.148792 -24.751976 -23.956598 -22.029207 -18.873842
-40.029366 -39.01281 -38.616638 -38.688187 -37.250523 -33.751183 -29.170868 -24.670259 -19.929914 -15.979485 -13.278437 -11.753258 -10.893894 -10.112741 -9.037602 -7.807456 -6.351705 -5.127771 -4.528504 -4.366637 -3.773829 -3.118321 -1.893813 0.115403 2.51801 4.168467 5.51659 5.618502 4.606005 2.021238 -1.830016 -6.591058 -11.241274 -16.033745 -19.464674 -21.746191 -22.768644 -23.960537 -25.878935 -29.88376 -33.973209 -38.348511 -40.016876 -38.956314 -34.590527 -28.663643 -22.955122 -20.010916 -18.342085 -17.670383 -19.253561 -21.313017 -23.130617 -24.844233 -26.640705 -26.846712 -25.489443 -22.447281 -18.651197
-42.593414 -41.769588 -41.41291 -39.455063 -35.508217 -30.544205 -25.717035 -20.750893 -16.670061 -13.665744 -11.811624 -10.694692 -9.806361 -8.666728 -7.341815 -5.700713 -4.284897 -3.595172 -3.534366 -3.288383 -3.102654 -2.257156 -0.447175 2.145305 4.157935 5.92909 6.720938 6.667462 4.954947 1.985458 -2.100584 -6.810782 -12.307684 -16.650406 -19.999983 -21.814978 -22.819929 -23.870718 -26.480715 -28.761656 -31.861433 -33.523113 -32.894108 -29.495199 -25.185616 -20.420097 -17.532583 -15.894638 -15.346013 -16.793081 -19.198341 -21.839848 -24.59411 -27.631403 -29.048655 -28.496403 -25.787636 -21.94791 -17.266165
-45.8717 -44.766502 -41.906197 -37.173466 -31.672403 -26.398743 -21.218218 -17.049351 -13.781031 -11.522417 -10.097115 -9.027999 -7.809723 -6.421 -4.754335 -3.320617 -2.603406 -2.712983 -2.896188 -3.155556 -2.625679 -0.98537 1.877129 4.389676 6.671531 8.088301 8.697874 7.456155 4.933278 1.111596 -3.768611 -9.635903 -14.326043 -17.955141 -19.719618 -20.006493 -19.753302 -20.619217 -21.282423 -23.314629 -24.907579 -25.069986 -23.28199 -20.833504 -17.305691 -14.948787 -13.576571 -13.169223 -14.552112 -17.339048 -20.560137 -24.023674 -27.963024 -30.283146 -30.275 -28.086432 -24.492821 -19.385071 -14.666953
-46.884792 -43.299053 -37.900856 -32.093796 -26.493111 -21.084148 -16.703129 -13.04516 -10.074427 -8.122073 -6.786693 -5.463998 -4.150856 -2.824058 -1.727709 -1.195346 -1.668349 -2.338037 -2.997166 -2.779483 -1.402374 1.537018 4.301049 6.867527 8.716475 9.765803 8.96006 7.022044 3.766085 -0.738021 -6.314172 -10.975343 -14.686423 -16.533989 -16.72134 -15.859429 -15.554602 -15.269707 -16.621563 -18.117464 -19.021904 -18.619257 -17.497631 -14.856282 -12.858218 -11.62958 -11.363514 -12.769804 -15.773413 -19.294657 -23.025034 -27.307413 -30.086176 -30.509592 -28.924599 -25.830736 -20.727745 -15.791974 -12.643447
-43.642361 -37.734936 -31.892235 -26.178919 -20.710728 -16.056316 -12.112799 -8.475148 -6.056945 -4.411512 -2.971658 -1.601134 -0.581982 0.174794 0.368554 -0.571728 -1.902949 -3.042701 -3.173096 -2.023016 0.835852 3.747302 6.428516 8.417372 9.590146 9.101449 7.640922 5.053614 1.312535 -3.421767 -7.510264 -10.771602 -12.457383 -12.650864 -11.625896 -10.807797 -10.232994 -11.247416 -12.640623 -14.055449 -14.657691 -14.544055 -12.81302 -11.419294 -10.55767 -10.512074 -11.882954 -14.719022 -18.047007 -21.509766 -25.567568 -28.32251 -29.035328 -27.9429 -25.322025 -20.543167 -15.756581 -12.645925 -10.516692
-36.528019 -30.976563 -25.729355 -20.731495 -16.076458 -12.014547 -7.886254 -4.961776 -2.869331 -1.083928 0.481088 1.44141 1.995145 1.87157 0.437638 -1.528849 -3.182776 -3.705458 -2.851015 -0.177405 2.762673 5.445652 7.429992 8.667574 8.419878 7.292916 5.293632 2.381394 -1.455418 -4.849368 -7.43295 -8.823859 -9.100106 -8.15327 -7.219215 -6.736768 -7.439489 -8.524319 -10.096177 -11.290916 -11.90979 -11.35202 -10.946645 -10.659006 -10.79084 -11.940609 -14.140715 -16.706902 -19.425138 -22.886911 -25.403858 -26.351477 -25.835909 -23.941259 -19.917999 -15.605163 -12.65481 -10.529804 -9.25706
-30.479343 -26.073229 -21.74267 -17.194628 -13.151974 -8.515868 -4.972183 -2.126826 0.389071 2.463377 3.597014 4.11057 3.638505 1.633213 -0.977411 -3.188738 -4.199576 -3.711202 -1.310952 1.469761 4.083787 6.057425 7.324017 7.273876 6.458962 4.983745 2.884126 0.00343 -2.700479 -4.576647 -5.634404 -6.029265 -5.338064 -4.448073 -4.230604 -4.871709 -5.813826 -7.426458 -8.841077 -9.774745 -9.972474 -10.165689 -10.320131 -10.814168 -12.040198 -13.847624 -15.891213 -17.96476 -20.691654 -22.694639 -23.641884 -23.553211 -22.252052 -18.975111 -15.288583 -12.564674 -10.412157 -9.154529 -8.989607
-27.110298 -23.660179 -19.335817 -15.371961 -10.265566 -6.045752 -2.305817 1.084992 3.77902 5.19167 5.735465 4.925798 2.443813 -0.63236 -3.322897 -4.787257 -4.663002 -2.622221 -0.125989 2.432826 4.502425 6.014206 6.429796 6.16727 5.377956 4.092959 1.990877 -0.259644 -1.774051 -2.917022 -3.730431 -3.57242 -3.036843 -3.196879 -3.848818 -4.755275 -6.335834 -7.771368 -8.85 -9.575688 -10.113457 -10.532088 -11.288613 -12.515348 -13.856785 -15.414031 -16.886482 -18.819405 -20.297846 -21.284063 -21.422415 -20.55691 -18.048014 -14.990378 -12.420609 -10.277364 -8.990837 -8.652515 -9.016884
