atributos_novos/Unit_A_Upper_InsPh_Mean.grd
DSAA 
487 821
667000 691300
7126000 7167000
106.2348 -78.3086
[rows 130 to 155 of 818, columns 120 to 179 of 487]
49.649128 45.004047 41.431381 38.643875 37.000927 36.011913 34.947029 33.883144 32.68174 30.60063 28.438776 27.340309 26.95627 27.548681 29.694363 32.744484 35.401951 38.039085 40.457504 42.668785 45.672905 49.727734 54.638718 59.854309 64.804382 68.389763 70.707542 71.703308 72.009186 71.655937 70.656036 67.484879 60.462601 50.27655 38.309788 27.903534 22.73963 25.213667 33.019329 44.593803 54.943748 62.405552 66.831245 69.421059 71.205421 73.515518 75.624672 76.632111 77.639091 77.522591 77.679886 78.569916 80.043365 80.954788 81.605171 81.5177 80.846184 80.089996 79.347664 79.164093
45.23912 40.860958 37.333202 34.819073 33.180908 31.730339 30.307709 28.902075 26.925932 24.832617 23.736042 23.703032 24.882708 27.477713 30.98035 34.148048 36.968796 38.783066 40.527573 43.212757 46.912918 51.496784 56.936333 62.186131 66.243378 69.138794 71.133057 72.610878 73.365669 73.318085 71.281235 64.999779 55.82552 45.275414 35.626465 30.230238 32.339836 38.860123 47.993034 56.468788 62.680828 65.94059 67.629417 69.229881 71.366959 73.436089 74.498131 75.563782 75.344795 75.536964 76.641891 78.462372 80.052551 81.497169 81.894592 81.33606 80.464943 79.232048 78.467926 78.013702
39.330936 35.371624 32.259315 30.233004 28.644459 27.023386 25.537979 23.699728 21.670233 20.441032 20.585342 22.110277 25.002232 28.996479 32.815731 35.895054 37.365273 38.720943 40.794456 43.835129 48.056957 53.594582 59.203014 63.930305 67.546371 70.445015 72.96946 74.631859 75.278252 73.832619 67.629486 58.656281 48.511879 38.705132 32.676048 34.501728 40.12439 47.679153 55.278606 61.089039 63.600353 64.781921 66.327934 68.347694 70.472488 71.976341 73.311066 73.246994 73.595055 74.826126 76.686371 78.705429 80.731323 81.546623 81.185936 80.445839 79.102051 78.05352 77.213982 76.060905
32.578915 29.177149 26.972778 25.499693 23.881042 22.413256 20.889505 18.947409 17.409426 17.390078 18.89061 21.801876 26.365265 31.337978 35.458008 37.655441 39.486404 41.353008 43.698254 47.326069 52.561188 58.151875 63.339386 67.585167 71.095757 74.153038 76.141136 76.882187 75.475677 69.417641 60.50613 50.594372 40.768444 34.321705 35.437439 40.621147 47.451317 54.634853 60.347485 62.55666 63.15358 64.231003 65.801804 67.68438 69.519455 71.013954 71.087265 71.527977 72.762489 74.489914 76.772072 79.280853 80.653252 80.843529 80.582817 79.570671 78.65033 77.691132 76.210068 74.360695
26.647436 24.419451 23.021946 21.596014 20.490149 19.4863 17.852943 16.232298 15.817788 16.711992 19.107683 23.730736 29.486113 34.93689 38.656715 41.784222 44.109032 46.146652 48.969013 53.458664 58.617146 63.890041 68.514435 72.431572 75.634148 77.360367 77.684814 75.959183 70.083389 61.372292 51.846153 42.313259 35.779877 36.104362 40.902256 47.47847 54.55418 60.233624 62.340954 62.439465 62.766594 63.530571 64.907654 66.983444 68.686211 69.05159 69.736763 71.090698 72.660118 75.023727 77.830154 79.743561 80.569862 80.882378 80.409607 79.888298 79.040398 77.493546 75.541588 73.695442
22.22578 21.145779 20.183897 19.563517 19.034937 17.631163 15.895402 14.926275 15.129905 16.830748 21.282021 27.434229 33.892799 38.932884 43.211178 46.017181 47.972862 50.47617 54.547733 59.66412 65.124329 70.148979 74.142578 77.11451 78.172546 77.934418 75.992699 70.728264 62.832905 54.226299 45.544876 39.197502 38.668186 42.705315 48.905731 55.671631 61.24295 63.436508 63.430809 63.207058 63.260578 64.045692 66.06488 67.817802 68.348732 69.233566 70.687347 72.023491 74.096733 76.781471 78.819542 79.945915 80.688278 80.838142 80.900948 80.438347 79.220131 77.574127 75.711403 73.126717
19.318724 18.878599 18.836874 18.810207 17.737671 16.072071 14.682679 14.30562 15.510445 19.917089 26.542149 34.017178 40.372227 45.679462 48.902863 50.868465 53.157532 56.97324 62.096821 67.641403 72.778442 76.559486 78.86367 79.036644 78.07074 75.74826 70.988724 64.004593 56.455154 49.042542 43.426281 42.481705 45.909378 51.635303 57.642342 62.557999 64.422287 64.056686 63.199173 62.580196 62.759228 64.612961 66.51638 67.368553 68.689713 70.594955 72.115074 74.019653 76.516533 78.455223 79.637054 80.496994 81.092552 81.689903 81.737755 81.052307 79.942154 78.299255 75.542854 72.006584
16.843405 17.271412 17.66629 16.940887 15.564058 14.044874 13.494823 14.695537 19.308672 26.616365 35.266384 42.858479 49.138699 53.027874 54.943764 56.691959 60.057831 64.722832 69.754951 74.714546 78.210403 79.729362 79.113449 77.534912 74.873375 70.738777 64.950378 58.955822 53.398369 49.224426 48.503944 51.722038 56.889568 61.92683 65.742767 66.857155 65.752739 64.086525 62.678444 62.192425 63.664829 65.72023 66.941132 68.671616 71.087021 72.995544 74.744644 76.950897 78.661438 79.706238 80.467766 81.255692 82.221809 82.762688 82.707535 82.289467 81.178429 78.581154 74.690475 69.054314
15.468081 15.92932 15.379107 14.25378 12.794089 12.368587 13.782498 18.478725 26.030848 35.216362 43.390057 50.217388 54.781345 57.15427 59.019932 62.457012 67.085426 71.82975 76.557846 79.644989 80.500015 79.254807 77.167336 74.179337 70.442444 65.533417 60.816986 56.802597 53.971401 53.810646 57.001865 61.613625 65.866409 68.697823 68.974228 67.198578 64.950027 62.911507 61.888985 63.104568 65.38102 66.993294 69.13192 72.142334 74.555191 76.309151 78.293289 79.70182 80.293785 80.526611 80.955261 81.775627 82.487221 82.928055 83.186432 82.74424 80.678162 76.837143 70.740776 62.66618
13.485247 13.027457 12.200173 11.141416 11.426648 13.58632 18.679909 26.516384 35.85413 44.029301 50.929279 55.914749 58.734455 61.033352 64.60994 68.950172 73.085365 77.241219 79.612335 79.975204 78.624222 76.490829 73.383896 69.929749 65.37764 61.197628 58.126114 56.285275 56.796543 60.423077 65.036697 68.907494 71.246147 70.891838 68.529457 65.855782 63.447216 61.906399 62.905205 65.374809 67.270958 69.608986 73.143997 75.985397 77.807076 79.651817 80.820107 80.903984 80.556801 80.372284 80.679558 81.28727 82.023933 82.796036 83.031075 81.858849 78.591583 72.681114 64.518608 55.591026
10.642968 10.220742 9.904572 11.269901 14.442032 20.069292 28.117403 37.354378 45.238449 52.048103 57.368191 60.650585 63.184238 66.57486 70.11657 73.194267 76.346802 77.951134 78.071571 77.004753 75.263214 72.382286 69.128952 64.454239 60.013966 56.774197 55.034657 55.797504 59.967651 65.157227 69.480507 71.995308 71.445724 68.536369 65.283897 62.426922 60.383675 61.268269 64.138275 66.529831 69.111778 73.202919 76.547775 78.647102 80.589676 81.764732 81.520836 80.682648 79.757339 79.336296 79.630096 80.480843 81.5299 82.445305 82.321861 79.888504 74.574242 67.014641 58.873775 52.139294
9.035686 9.597291 12.138647 16.136822 21.937994 29.717808 38.336899 45.628391 52.345985 58.257675 62.290558 65.321075 68.496101 71.138504 72.975754 75.068436 75.935509 76.118935 75.59716 74.562149 72.262627 69.508255 64.747017 59.828018 55.76202 53.208126 53.154915 57.008919 62.4044 67.419029 70.366226 70.070168 66.962097 63.168915 59.644524 57.372009 58.441875 62.004757 65.290375 68.451294 72.967155 76.628922 78.927551 80.939438 82.231201 81.926521 80.867279 79.370552 78.294479 78.181854 78.981583 80.176666 81.632484 82.446495 80.973656 76.510468 69.873993 62.850967 56.959824 54.669746
11.012827 14.739573 19.356853 25.032484 32.014618 39.530384 45.973484 52.344296 58.593742 63.586033 67.438354 70.534592 72.590134 73.494766 74.510262 74.598099 74.822563 74.689796 74.257332 72.644531 70.573296 66.100975 61.010544 56.246841 52.708855 51.132969 53.506828 58.098404 62.965553 65.613647 65.409111 62.38026 58.260731 54.250755 52.303642 53.992146 58.477306 62.986927 67.146973 72.174431 76.125916 78.674828 80.773811 82.168343 81.827538 80.648071 78.727875 77.119278 76.656548 77.419571 78.689972 80.56356 82.199768 81.689125 78.28791 73.059166 67.632858 63.0648 61.277874 61.786652
20.157061 25.150221 30.430748 36.123695 42.082241 47.367935 53.092297 59.317554 64.928123 69.253815 72.119362 73.544907 73.495102 73.428215 72.841919 73.10125 73.309578 73.554199 72.919212 71.900276 68.236008 63.474754 58.48436 54.146477 50.82589 51.013973 53.803646 57.235653 58.209995 57.217285 53.900993 49.476723 45.443356 44.863197 47.822739 53.657684 59.73542 65.023796 70.226768 74.299873 76.937859 78.920006 80.304031 80.06189 78.97699 76.992485 75.277267 74.8181 75.753418 77.266525 79.611603 82.018639 82.501991 80.166573 76.376114 72.424255 69.05748 67.331635 66.917458 65.479698
30.877316 35.280891 39.374077 43.751976 47.945339 53.162205 59.416092 65.644371 70.301857 73.146393 74.397316 73.95134 73.222527 72.442963 72.726265 72.915031 73.407265 73.560234 73.461273 70.976563 67.208763 62.485954 57.670998 52.589912 49.822723 49.674248 50.609303 48.535629 45.841579 42.03392 37.276722 33.445965 35.270687 40.245136 47.74081 55.730572 62.40287 67.557281 71.716797 74.554123 76.457962 77.805969 77.759346 76.764275 74.835083 73.289978 73.032959 74.176575 75.955864 78.651894 81.472984 82.698868 81.311928 78.889992 76.274376 74.074829 72.292091 70.830635 67.107834 59.215767
38.181725 40.694786 43.72007 47.339512 52.510811 59.102192 66.038612 71.207085 74.284477 75.65313 75.061325 73.870453 72.942749 72.939133 72.750084 73.150406 73.811966 74.449486 73.432648 71.342743 67.747772 63.242599 57.004154 51.11372 46.993958 44.402222 38.242828 32.928223 28.63559 24.191593 20.810213 25.550751 33.067371 42.141445 51.759636 59.812294 64.719193 68.726189 71.665321 73.492744 74.832016 75.074883 74.275673 72.662971 71.505577 71.618645 72.989899 75.043449 77.821503 80.711273 82.411583 81.871414 80.520973 79.071289 77.863678 75.77829 73.075287 67.4039 57.314899 42.545883
40.503677 42.794006 46.528091 52.143894 59.156628 66.626457 72.102417 75.263664 76.543991 75.794685 74.120537 72.850105 72.252251 71.491737 71.626358 72.610565 73.926338 74.492851 74.436348 72.67688 69.452377 63.328903 55.392754 47.809216 41.415054 30.89204 22.277304 17.133461 13.02322 10.440318 17.787207 27.580885 37.545612 48.003639 56.848511 61.491512 65.257957 68.394135 70.213287 71.484879 71.812187 71.170723 69.911118 69.264503 69.898209 71.611298 73.939606 76.716721 79.482376 81.303055 81.371346 80.861305 80.366631 79.92453 77.670174 73.938499 66.767487 54.972214 38.930573 23.923471
40.901684 45.291618 51.78833 59.271053 66.897179 72.221474 75.025917 75.834991 74.729645 72.608376 71.008881 70.000443 68.98597 69.15609 70.656586 72.717514 74.583069 76.174911 76.115829 74.325073 69.137665 60.618366 50.990326 41.820503 28.07679 16.549585 10.418862 6.531702 4.535295 13.202151 24.188818 33.955738 44.045086 52.868141 57.286339 60.995979 64.62249 66.880867 68.407364 69.05069 68.687958 67.885635 67.77668 68.854721 70.706253 73.132393 75.649506 77.999092 79.685371 80.164627 80.156197 80.351883 80.254066 77.6409 72.823921 64.370667 51.25037 34.780098 20.143028 7.759532
42.615177 50.333176 58.578571 66.211548 71.224258 73.547302 73.809113 72.194519 69.646843 67.749161 66.413605 65.337372 65.780907 67.819672 70.496628 73.370689 76.173317 77.402756 76.978493 73.203148 65.10334 54.935207 44.731876 29.794188 16.7118 10.327465 6.791918 4.745153 12.86304 23.571249 31.829733 40.369778 48.708443 53.31842 57.26329 61.794662 65.054489 67.181297 68.302193 68.265335 67.813301 68.008644 69.208916 70.896881 73.141006 75.153183 76.79303 78.060783 78.682297 78.960358 79.684639 79.710335 76.733086 70.8563 61.262295 46.960297 30.54561 16.50639 5.122363 -2.941606
48.219208 57.17667 64.668922 69.439003 71.346397 70.97316 68.632843 65.583565 63.068268 61.254299 60.271828 61.322296 64.049873 67.543915 71.314392 74.866028 76.888618 77.476715 75.198303 68.421616 58.994427 49.239563 35.207623 22.125244 15.911615 12.968785 10.551394 16.312231 25.086264 30.98167 37.095226 44.48801 49.761829 54.379166 59.908783 64.392059 67.292953 68.794846 68.954788 68.74633 68.921066 69.879135 71.228256 73.172508 74.606384 75.602074 76.402489 77.001076 77.429474 78.600029 78.619301 75.410965 68.760956 58.317596 43.054638 26.969576 13.559967 3.127403 -3.901252 -6.657012
54.9804 62.104549 66.51284 67.960587 66.816902 63.802063 60.361488 57.325325 55.310299 54.878433 56.793785 60.376442 64.769142 69.150192 72.792473 74.942818 75.973526 74.919708 70.091217 62.842682 54.849369 43.412113 31.794399 25.864349 22.758352 19.61417 21.696739 27.085289 30.088749 33.750587 39.971237 46.21706 51.946743 58.60289 64.228065 67.872223 69.67054 69.881653 69.771736 69.835503 70.30722 71.119583 72.620514 73.437469 73.743996 74.046074 74.47226 75.029884 76.693108 76.857811 73.841988 67.003716 56.096424 40.133923 24.386768 11.32616 1.490725 -4.805021 -6.90163 -7.714077
57.381374 61.492603 62.710224 61.281067 57.968586 54.476448 51.458603 49.689342 50.129765 53.146046 57.717537 62.880749 67.652229 70.891823 72.522026 73.269516 72.733452 69.56974 64.789764 59.351376 51.616753 42.78669 37.727108 34.516792 30.259939 27.94437 28.834084 28.436821 29.241478 34.038254 41.137268 48.280621 56.190128 63.325562 68.162605 70.67028 71.102119 71.18428 70.988953 70.73558 70.804817 71.717384 71.858078 71.512253 71.391434 71.640732 72.352547 74.576553 75.092033 72.45726 65.746635 54.605148 38.136177 22.701277 9.886179 0.529413 -5.111275 -6.776815 -7.723545 -8.495001
55.968765 57.460461 56.156616 52.804802 49.467163 46.684315 45.216499 46.434792 50.439129 55.87265 61.738419 66.95224 69.947861 71.021713 71.218216 70.598625 68.32856 65.387871 62.256947 57.977135 52.154781 48.186558 44.913456 39.54092 33.506546 30.204203 26.871159 25.207911 28.495764 35.774693 43.791142 52.387226 60.722977 66.900429 70.34446 71.236153 71.678879 71.26741 70.226151 69.61171 70.02636 69.723473 68.982262 68.581245 68.592232 69.363876 71.931786 72.801422 70.742584 64.527992 53.480835 36.830414 21.615383 8.779762 -0.467978 -5.722228 -7.179303 -8.230959 -8.967065 -9.450322
53.419441 51.941093 48.585266 45.581589 43.115921 42.020531 43.989429 48.714897 54.672352 61.049862 66.723183 69.707169 70.442924 70.13855 69.200272 67.35894 65.587074 64.141029 62.573708 59.473545 56.406895 53.011421 46.809551 38.167244 31.363562 25.973951 22.526928 24.232332 30.875237 39.111774 47.516094 56.459869 64.019394 68.634758 70.340073 71.526222 71.125603 69.316299 67.995895 67.820282 67.05941 65.97081 65.343048 65.140564 65.860313 68.606064 69.813324 68.407784 62.922245 52.361446 35.947948 20.968189 8.028076 -1.281618 -6.39704 -7.829325 -8.898985 -9.463799 -9.913381 -10.929756
48.217793 44.697956 41.848064 39.757584 39.268284 42.012058 47.338062 53.819386 60.77042 66.97271 70.225273 70.9674 70.376678 69.017365 67.168938 65.945053 65.432068 65.49485 64.379128 62.252953 58.890701 52.385471 42.661407 33.748898 26.849073 21.968681 21.885271 26.776684 34.086788 41.674225 50.781784 59.711712 65.979713 69.145828 71.442665 71.347664 68.905754 66.756699 65.768753 64.51445 63.079044 62.333965 62.113247 62.799767 65.537056 66.99057 66.020088 61.082657 51.063667 35.155842 20.386812 7.420109 -1.968366 -7.087368 -8.706045 -9.790823 -10.254562 -10.689321 -11.631655 -12.490457
42.050621 39.070118 37.148346 37.087406 40.142097 45.811401 52.737568 60.450771 67.449104 71.47934 72.72406 72.189491 70.424538 68.175217 66.719437 66.33905 66.977394 67.044167 65.952339 63.358658 57.288982 47.947678 38.392029 30.766645 24.624283 22.770208 25.426565 31.198574 37.505737 46.392326 56.460297 64.320816 68.938675 72.194038 72.341057 69.200783 66.103928 64.18351 62.526192 60.9799 60.425774 60.523144 61.36253 63.941151 65.389946 64.394119 59.509903 49.775589 34.407692 19.765747 6.812855 -2.655846 -7.951399 -9.858581 -10.896254 -11.164111 -11.430012 -12.050451 -12.575441 -13.704426
