atributos_novos/Unit_B1_Lower_InsPh_Mean.grd
DSAA 
487 821
667000 691300
7126000 7167000
132.4077 -117.8419
[rows 338 to 363 of 818, columns 118 to 176 of 487]
12.955921 9.438841 3.574145 -3.7247 -11.913629 -19.130062 -24.045544 -27.691357 -30.756115 -33.182198 -38.218796 -47.00473 -55.503315 -62.787422 -67.905731 -66.41523 -58.757484 -47.870308 -36.317707 -27.531326 -23.57395 -20.067566 -16.033867 -9.684217 -0.085403 11.323673 16.49209 15.99319 8.988452 4.739553 20.593166 21.429537 21.964777 22.616508 22.076174 20.151068 17.074621 13.244821 9.591944 6.589147 5.048594 4.786385 5.589414 6.845527 8.352038 9.2662 9.255829 8.55112 7.113219 5.494686 4.159368 3.741091 3.99317 5.177867 6.556739 8.017015 8.933781 9.754186 10.551691
4.976203 -1.275767 -8.331315 -15.9202 -22.441378 -25.960022 -28.253561 -30.968361 -33.642612 -38.706112 -47.802155 -56.740974 -63.879639 -68.686874 -67.244377 -59.7565 -48.915321 -37.706345 -29.315481 -26.105572 -24.358438 -23.011742 -18.987299 -10.756744 0.006692 6.512527 9.023501 5.205402 2.452463 22.572807 22.955605 22.960098 22.747099 21.258026 18.450745 14.974417 11.22742 8.026815 5.854139 5.153852 5.452786 6.475985 7.543789 8.431368 8.644347 8.009552 6.82683 5.255828 4.031917 3.453273 4.055893 5.482381 7.771243 10.076509 12.138404 13.297654 14.091817 14.681951 15.109658
-7.305821 -14.262669 -21.564106 -27.708687 -30.258129 -31.661867 -34.290455 -37.057335 -41.848629 -50.631649 -59.485741 -66.410301 -71.214699 -70.325218 -63.402973 -52.878716 -41.778416 -32.995285 -29.336426 -28.417833 -28.793474 -26.534931 -19.768538 -10.10433 -2.813381 1.953516 0.696284 -0.806681 23.601637 23.453327 22.907171 21.789965 19.476362 16.135233 12.681265 9.416269 6.963893 5.700706 5.65775 6.119406 6.931682 7.460196 7.499449 6.985889 6.017755 4.780135 3.603096 3.251877 3.776335 5.477308 7.993113 11.051371 13.97824 16.392233 17.561934 18.109928 18.295864 17.868546 16.931961
-20.184063 -27.654617 -34.115219 -36.849655 -38.681961 -42.112312 -45.461361 -49.944645 -57.604172 -65.26915 -71.212379 -75.461922 -74.97998 -68.879173 -59.147247 -48.439419 -39.251019 -34.465622 -33.282887 -33.993481 -32.253963 -26.160627 -17.468594 -9.706123 -3.249222 -2.350668 -2.841355 23.545486 22.824347 21.759245 19.817924 16.819513 13.248319 10.127589 7.593939 6.004072 5.668527 6.08426 6.523851 6.91642 6.861165 6.159529 5.170172 4.173398 3.36961 3.036396 3.817804 5.609613 8.527385 12.110312 15.815115 19.333691 22.139589 23.277742 23.363327 22.891045 21.299746 19.025299 16.932795
-33.291039 -40.094643 -43.469772 -46.39315 -51.15715 -55.586834 -60.362068 -67.128311 -73.435898 -78.190445 -81.670403 -81.274796 -75.614372 -66.613327 -56.246765 -46.347023 -39.708439 -37.302589 -36.974861 -34.452873 -28.308382 -20.732742 -13.383423 -6.720449 -5.255546 -5.652243 22.164656 20.925632 19.45817 16.904148 13.642717 10.26114 7.800274 6.15235 5.411072 5.732274 6.306944 6.535295 6.487372 5.959743 4.860341 3.845812 3.137921 2.976573 3.575632 5.357254 8.05021 11.775553 15.994359 19.999872 23.889877 26.997604 28.273607 28.190813 27.315128 24.763849 21.415909 18.233377 14.838435
-44.959045 -49.408875 -53.997467 -60.462669 -66.165512 -71.442192 -77.287018 -81.88797 -85.129143 -87.616547 -87.031174 -81.59581 -73.49398 -63.710186 -53.190544 -44.553886 -40.391201 -38.0383 -34.056293 -28.114449 -22.555696 -17.20645 -12.651526 -12.468966 -13.624448 19.846336 18.261482 16.554136 13.683127 10.468058 7.542043 5.898046 5.198236 5.26766 6.055107 6.628311 6.490249 5.949502 5.020177 3.713034 2.802315 2.590309 3.192108 4.774597 7.452667 10.797989 14.879455 19.204367 22.989536 26.752855 29.889187 31.278229 31.111542 29.871313 26.615372 22.473528 18.370251 14.225855 10.64536
-53.106621 -59.741428 -68.02549 -74.969124 -80.744644 -85.869041 -88.99427 -90.870682 -92.471931 -91.78141 -86.58625 -79.554619 -70.549728 -59.723 -49.336632 -43.152874 -38.001503 -31.81856 -25.465004 -21.054829 -17.615778 -15.497755 -17.059301 -19.061548 15.961782 14.326992 12.663822 9.949213 7.225638 5.048089 4.313067 4.501273 5.247156 6.350543 6.855402 6.40145 5.522823 4.387225 3.094019 2.501492 2.92371 4.302319 6.840599 10.255304 13.972645 17.923941 21.783577 24.606546 27.431042 29.901289 31.022251 30.717295 29.392897 26.041054 21.686579 17.188536 12.665995 8.938342 6.263572
-62.408623 -72.071365 -80.03595 -86.444321 -91.344055 -93.563271 -94.455582 -95.293571 -94.289261 -89.077095 -82.82515 -74.581604 -63.719418 -52.13105 -44.403816 -36.942253 -28.898354 -22.311293 -18.999153 -17.165426 -17.134066 -20.050697 -22.635988 11.853732 10.388917 9.050564 6.890073 5.001397 3.688106 3.765784 4.495281 5.535209 6.64427 7.000944 6.37031 5.447897 4.479762 3.515833 3.340966 4.272001 6.129148 9.014946 12.519019 16.149052 19.60051 22.76475 24.775925 26.826584 28.592024 29.542215 29.209621 27.852211 24.507978 20.265575 15.65077 11.088332 7.472383 5.021859 3.205073
-70.475487 -79.024551 -86.235153 -91.630219 -93.934639 -94.691956 -95.36834 -94.22953 -88.643456 -82.602272 -74.648537 -63.631073 -51.245663 -43.073338 -34.462711 -25.469175 -18.962446 -16.483307 -15.311478 -16.334476 -19.649488 -22.337517 7.698168 6.591656 5.779626 4.462824 3.709465 3.455847 4.297282 5.311191 6.321763 7.102315 7.138451 6.369567 5.681257 5.223625 4.868611 5.23154 6.61114 8.512805 11.049529 13.967442 16.852503 19.101934 21.033812 21.951248 22.922832 23.738934 24.52618 24.481779 23.49329 20.76807 17.345148 13.271379 9.147993 6.05443 4.042025 2.454705 1.160808
-75.94101 -82.97422 -88.318382 -90.630562 -91.481979 -92.237663 -91.264038 -85.602592 -79.869629 -72.21859 -61.400299 -49.071587 -41.289112 -32.216 -22.645525 -15.826989 -12.819582 -10.647272 -11.176233 -13.731417 -15.831921 3.960691 3.24824 2.95951 2.475376 2.77193 3.490616 4.974842 6.215486 7.222453 7.751369 7.596954 6.914973 6.616137 6.794632 7.194549 8.158043 9.915308 11.770988 13.735306 15.71025 17.508661 18.351667 18.952391 18.750002 18.66647 18.632536 19.064781 18.965164 18.14625 16.121807 13.522499 10.354995 7.254403 5.208649 3.801989 2.602696 1.3718 0.255483
-76.455147 -81.515533 -84.123573 -85.590897 -86.940506 -86.640038 -81.463387 -76.354134 -69.360573 -59.275696 -47.733944 -40.609646 -31.034977 -20.364222 -11.730967 -6.18585 -1.279567 0.15759 -0.762728 -2.025427 0.835257 0.496982 0.732081 1.051085 2.266209 3.761945 5.646051 6.842322 7.65137 7.874399 7.641804 7.335195 7.715128 8.765279 10.112123 11.764724 13.776402 15.455268 16.610909 17.352673 17.919638 17.43586 16.877745 15.814194 15.035686 14.298167 14.287134 13.993584 13.39728 12.206653 10.668207 8.855952 7.168403 6.357336 5.536842 4.657019 3.267834 1.66072 -0.313114
-72.502205 -75.849831 -78.594116 -81.069183 -81.800171 -77.51104 -73.003204 -66.7006 -57.499924 -47.042599 -40.45948 -30.424364 -18.180153 -6.884301 1.999964 10.069193 13.698829 14.002435 13.226133 -0.963622 -1.047134 -0.439666 0.44261 2.173914 4.156427 6.214472 7.252171 7.832882 7.931036 7.78652 7.977833 9.14534 11.141997 13.352066 15.517213 17.558746 18.78829 18.806906 18.056852 17.258326 15.568013 14.012282 12.392263 11.228529 10.06649 9.730887 9.337145 9.128388 9.052075 8.98871 8.912962 8.995503 9.430624 8.923682 7.823217 5.611993 2.90276 -0.125 -2.429233
-67.646866 -71.838142 -75.660851 -77.685417 -74.577003 -70.779648 -65.259674 -57.181751 -48.012093 -41.686279 -30.950878 -16.788555 -2.051277 10.927611 22.313349 28.244444 29.442465 28.845936 -1.805586 -1.63368 -0.794295 0.463323 2.39071 4.556073 6.510919 7.376679 7.87895 8.10941 8.334513 9.299531 11.322021 14.154998 17.046999 19.498449 21.27038 21.827747 20.67387 18.440159 16.224199 13.368739 10.790302 8.464766 6.812108 5.355542 4.853219 4.852018 5.669437 7.412072 9.312905 11.214445 12.744706 13.780099 12.710629 10.489829 6.803255 2.731333 -1.371656 -4.257632 -6.24784
-67.065559 -71.981636 -74.90551 -72.88488 -69.848511 -65.19989 -58.529026 -51.148628 -45.012074 -33.592697 -17.735559 0.191119 17.157055 31.141865 38.544628 39.598579 38.692459 -1.68734 -1.335363 -0.455316 0.883953 2.643513 4.533044 6.128518 6.842439 7.456685 8.124334 9.110192 11.000421 13.76704 17.094658 20.239017 22.451668 23.547859 23.317924 21.216791 17.831251 14.600204 11.104296 7.828974 4.99762 3.117043 1.686005 1.227431 1.959295 4.118456 7.801519 11.618359 15.221161 17.626547 18.453129 16.066397 12.095938 6.637201 1.206439 -3.708621 -6.840331 -8.569288 -8.404122
-70.788704 -74.136475 -72.705734 -69.757477 -65.674522 -60.365871 -54.962311 -49.117474 -37.567451 -20.603827 -0.098969 20.140476 35.723156 43.76997 43.877579 42.200687 -0.641222 -0.153453 0.699895 2.013731 3.40074 4.831004 5.966821 6.475813 7.152294 8.322355 10.052586 12.562533 15.647691 18.927094 21.554932 22.795774 22.820124 21.650175 18.767006 14.750677 11.135755 7.535662 4.006057 1.142651 -0.456926 -1.389286 -1.1654 0.952026 4.727888 10.091855 15.532247 20.170685 22.559563 22.38199 18.357559 12.376127 5.135031 -1.429379 -6.806186 -10.013885 -11.38888 -10.773924 -8.92011
-75.260544 -73.64624 -69.961166 -65.686897 -61.355328 -57.721798 -52.392227 -41.348442 -24.055901 -1.723436 20.875736 37.389759 45.620663 44.439396 41.797016 0.990843 1.568448 2.307352 3.486875 4.463614 5.448801 6.21884 6.717948 7.569095 9.274271 11.605916 14.448241 17.439657 20.253111 21.929834 21.858263 20.502924 18.191631 14.529861 10.073071 6.169519 2.637208 -0.815652 -3.314634 -4.231979 -3.955019 -2.339515 1.444836 6.568581 12.817945 18.75893 23.210226 24.667444 23.062382 17.562126 9.974396 1.580834 -5.501916 -10.754057 -13.556465 -14.240817 -12.987787 -10.580767 -7.0176
-73.86367 -69.176109 -64.550507 -61.193867 -59.313335 -54.893707 -44.491413 -27.422617 -3.862656 20.544559 37.94001 46.539211 45.077858 42.050323 2.707419 3.283956 3.838202 4.75024 5.346124 5.994188 6.552485 7.22704 8.397728 10.47912 13.144861 15.99398 18.455545 20.390604 20.938881 19.498066 16.848415 13.649109 9.56468 5.061688 1.291256 -1.868586 -4.782311 -6.392651 -5.943483 -3.882776 -0.389459 5.062263 11.00835 16.982347 21.979856 24.912477 24.49358 21.200062 14.61403 6.380984 -2.007957 -8.610679 -13.120639 -15.240266 -15.316556 -13.821622 -11.352144 -7.660796 -3.311835
-68.038696 -62.917969 -60.211605 -59.890678 -56.852516 -47.735298 -31.942881 -8.864447 15.849278 33.69183 42.49382 41.458015 38.727779 4.322559 4.674502 4.92126 5.387988 5.602201 6.005777 6.638278 7.670208 9.151906 11.437646 14.077732 16.384132 17.860493 18.573814 17.776272 14.983195 11.28328 7.563001 3.545744 -0.501711 -3.607827 -5.891271 -7.729187 -8.04844 -5.906627 -2.024951 3.053657 9.250054 14.840359 19.196815 22.074051 22.720051 20.523401 16.243563 9.764857 2.252657 -4.872232 -10.198548 -13.538975 -14.898791 -14.558088 -13.158603 -10.99137 -7.686459 -3.586198 0.665323
-62.088848 -59.501492 -59.760677 -57.529228 -49.377388 -34.959595 -13.168753 10.341294 27.600204 35.679268 34.752594 32.171173 5.829981 5.875032 5.837222 5.908114 5.843265 6.35901 7.374264 8.938245 10.732594 13.082047 15.212177 16.54174 16.638113 15.861141 13.574368 9.591622 5.055811 1.071964 -2.634033 -5.90406 -7.88262 -8.757389 -8.814582 -7.188982 -3.010649 2.47588 8.492982 14.216314 18.051702 19.490417 19.286951 17.238546 13.509718 9.00792 3.674128 -2.026168 -7.082186 -10.679729 -12.75689 -13.465718 -12.96442 -11.834627 -10.102694 -7.35638 -3.746981 0.26309 4.550363
-57.579731 -56.97488 -54.642841 -46.987656 -34.233082 -15.10128 4.849452 20.074989 26.521828 25.700783 23.373337 7.012122 6.710352 6.38453 6.063001 5.878065 6.614762 8.130913 10.33389 12.458713 14.729414 16.269859 16.650099 15.460621 13.42576 10.055961 5.334194 0.324824 -3.700492 -6.964281 -9.254148 -9.932014 -9.193165 -7.237119 -3.72304 1.773626 7.977107 13.797941 17.875309 19.186176 17.666965 14.365775 9.986324 5.343974 1.267848 -2.516214 -5.852109 -8.488713 -10.247858 -11.151321 -11.271174 -10.746558 -9.966953 -8.703166 -6.663074 -3.86497 -0.409792 3.563609 7.084412
-50.066532 -47.211487 -40.306927 -30.318241 -16.174234 -2.095556 9.765072 14.347091 14.647477 13.518715 7.895449 7.247815 6.649379 5.925816 5.653425 6.710463 8.784084 11.591808 14.03592 16.176189 16.969839 16.184164 13.65381 10.358556 5.995075 0.840518 -4.057741 -7.578518 -9.894322 -10.719197 -9.631769 -7.055124 -3.19219 1.836456 7.877548 13.66697 18.259941 20.289446 19.279192 15.734335 10.614453 5.072478 0.233814 -3.278659 -5.89703 -7.487636 -8.327956 -8.806655 -8.941072 -8.807466 -8.495814 -8.214148 -7.498265 -6.218028 -4.337087 -1.63956 1.73863 5.06951 7.764556
-35.729118 -30.428265 -24.481243 -17.187849 -10.829069 -3.69154 -1.968719 -1.564225 -1.826969 8.86972 8.026733 7.32387 6.471594 6.299921 7.630526 10.135031 13.275396 15.698619 17.483688 17.415861 15.391919 11.515603 7.038506 1.802235 -3.538131 -8.040967 -10.646126 -11.571663 -10.630643 -7.70452 -3.341473 1.889308 7.65233 13.257693 17.78726 20.498514 20.576817 17.806889 13.324162 7.692254 2.180882 -2.201277 -5.026244 -6.842628 -7.490767 -7.454247 -7.434247 -7.29595 -7.13825 -7.017523 -6.999514 -6.539485 -5.798603 -4.738564 -2.860145 -0.376774 2.374675 5.265625 7.992485
-16.451445 -14.539836 -13.88907 -15.281482 -13.62011 -15.247335 -15.538798 -15.632813 10.771915 9.960045 9.327376 8.592746 8.607608 10.16186 12.771909 15.821853 17.855339 18.928802 17.77887 14.501133 9.40543 3.9653 -1.796993 -6.931456 -10.621168 -11.999452 -11.370667 -8.546361 -3.89084 1.893824 7.971484 13.8925 18.391438 21.222097 21.966579 20.545935 16.87418 12.45344 7.269384 2.57437 -1.20228 -3.717626 -5.440806 -6.051571 -6.162838 -6.328025 -6.358934 -6.306739 -6.265993 -6.23066 -5.774644 -5.189867 -4.681341 -3.576541 -2.13512 -0.285591 2.164165 5.085486 7.104515
-3.438758 -9.057302 -17.212315 -19.924377 -23.133095 -22.557547 -21.661951 12.889658 12.266561 11.822858 11.332196 11.590105 13.136894 15.498861 18.005291 19.317036 19.367231 17.147331 12.738564 6.7413 0.725104 -5.077 -9.541316 -11.977745 -11.859531 -9.608739 -5.101359 0.662962 7.029971 13.089081 18.374817 21.366003 22.739052 22.213924 20.25267 16.89455 13.619873 9.608119 6.115335 3.019305 0.439613 -1.82295 -3.043983 -3.900106 -4.686298 -5.109796 -5.222236 -5.27374 -5.271109 -4.87856 -4.450297 -4.376775 -3.998359 -3.539132 -2.764267 -1.210854 1.309454 3.556668 5.327218
-4.487729 -16.673094 -21.962166 -25.459305 -23.625454 -21.65659 15.201678 14.960896 14.848444 14.789397 15.336384 16.825956 18.592936 20.025351 20.092833 18.669016 15.002643 9.380641 2.679882 -3.607488 -9.060252 -12.399038 -13.295059 -11.54146 -7.71136 -2.005417 4.204276 10.489129 15.894326 20.144753 22.026991 22.583899 21.664503 20.096136 17.900152 16.089891 13.558539 11.327043 8.789708 5.883193 2.833947 0.539397 -1.501985 -3.163686 -4.113815 -4.52952 -4.691886 -4.699868 -4.394813 -4.001875 -3.996114 -3.967591 -4.102242 -4.137841 -3.65534 -2.051133 -0.239006 1.417479 2.464813
-12.692744 -18.895746 -22.434361 -20.694456 -18.568981 17.523674 17.845535 18.270914 18.955755 19.904104 21.151306 21.914803 21.75507 20.097425 16.855417 11.829062 5.410773 -1.548039 -7.660804 -12.369651 -14.579132 -14.17559 -11.103044 -6.143916 0.158552 6.306479 12.112809 16.692266 19.972813 21.335049 21.956625 21.490705 20.862261 20.116503 19.4928 17.875162 16.341413 13.961657 10.558991 6.790853 3.583643 0.479257 -1.968472 -3.398271 -4.057323 -4.235489 -4.112561 -3.753223 -3.288104 -3.171738 -3.275716 -3.766075 -4.403059 -4.93201 -4.49131 -3.603583 -2.526222 -1.578777 -1.19137
