atributos_novos/Unit_B1_Lower_InsPh_Mean.grd
DSAA 
487 821
667000 691300
7126000 7167000
132.4077 -117.8419
[rows 650 to 675 of 818, columns 59 to 117 of 487]
-58.044899 -60.254513 -60.90974 -61.412876 -62.151844 -62.468777 -62.619934 -63.047939 -62.889877 -62.972221 -63.342346 -63.507755 -62.344185 -60.280045 -56.675201 -52.321404 -47.177628 -42.808773 -39.001972 -35.84758 -31.645515 -26.015644 -18.175896 -9.425599 -0.092279 8.340134 14.58516 17.814486 19.525866 19.236671 17.41263 14.49483 11.783569 8.577065 5.674711 3.069832 1.583982 1.420505 3.636214 7.131773 11.534979 16.073278 17.603342 14.469438 9.187999 2.109031 -6.214921 -11.988336 -14.904208 -17.564459 -18.061245 -18.530443 -19.908783 -20.989878 -20.150154 -21.165232 -20.858086 -19.3466 -16.875111
-60.036808 -60.185951 -60.541401 -61.454277 -61.815945 -61.850033 -62.325489 -62.141762 -61.677807 -61.479862 -61.192078 -59.935558 -58.047932 -54.847736 -50.736877 -45.548748 -40.647877 -36.152161 -32.690205 -28.591957 -23.506111 -16.330643 -8.311922 0.331545 7.793612 12.67796 14.272214 14.381789 12.804602 10.373389 7.669489 5.58949 3.226534 0.965055 -1.291801 -2.63078 -2.656022 -0.382374 3.292051 7.876207 12.423914 13.627246 10.146226 4.808524 -1.777466 -9.430079 -14.458657 -16.912252 -19.56863 -20.638126 -21.478134 -22.951906 -23.386747 -21.759275 -22.267424 -22.171738 -21.29826 -20.052637 -18.824919
-58.804684 -59.2551 -60.200588 -60.389446 -60.1078 -60.580086 -60.289349 -59.467712 -59.096912 -58.803555 -57.964935 -56.880379 -54.668289 -51.02882 -45.768238 -39.9655 -34.154099 -29.56797 -25.051971 -20.459942 -14.350325 -7.687414 -0.487614 5.488411 9.095767 9.544821 8.721988 6.707859 4.424671 2.384567 1.184962 -0.263861 -1.926877 -3.852664 -5.119257 -5.171067 -3.196412 -0.032294 3.798585 7.411376 7.540175 3.660565 -1.363779 -6.824951 -13.060941 -16.639681 -18.37957 -20.851801 -22.390171 -23.589754 -25.348885 -25.564812 -23.688295 -24.227554 -24.758396 -24.692469 -24.796654 -24.617056 -21.508379
-57.482182 -58.413925 -58.548306 -58.108418 -58.574055 -58.365517 -57.361275 -57.049545 -57.125214 -57.143776 -57.123817 -56.131508 -53.139252 -47.887733 -41.06345 -33.726456 -27.619967 -22.208454 -17.828468 -12.79806 -7.670052 -2.233387 2.001868 4.587798 4.425699 3.289989 1.504997 -0.014658 -1.032336 -1.152535 -1.641448 -2.696814 -4.282826 -5.59833 -6.073851 -5.001846 -3.173325 -1.046816 0.667877 -0.713279 -4.859589 -9.105562 -12.983561 -17.155899 -18.849499 -19.622353 -21.633575 -23.340445 -24.825542 -26.985687 -27.404396 -26.098093 -27.290964 -28.849268 -29.796179 -31.294939 -32.013798 -29.364262 -24.868765
-57.585697 -57.32827 -56.389484 -56.628201 -56.434002 -55.55901 -55.687077 -56.60252 -57.718967 -58.678562 -58.578197 -55.872612 -50.46909 -42.811413 -34.453426 -27.204409 -21.056774 -16.493032 -12.007211 -7.761145 -3.68714 -0.931034 0.613661 -0.191594 -1.764204 -3.437722 -4.276616 -4.338723 -3.409367 -2.798485 -2.696137 -3.508328 -4.647517 -5.635178 -5.957465 -6.51295 -6.960576 -7.747597 -10.59456 -14.686927 -17.834156 -20.035027 -22.117569 -22.348845 -22.440453 -23.728416 -25.592863 -27.706734 -30.579409 -31.7295 -31.94841 -33.994129 -36.122608 -37.569546 -39.911312 -40.988579 -38.711163 -34.397926 -28.895
-55.811802 -54.397419 -54.226093 -54.120598 -53.752647 -54.71706 -56.756622 -59.163532 -60.963043 -61.455238 -58.894115 -53.39045 -45.259487 -36.405613 -28.346373 -21.448212 -16.420238 -12.040257 -8.318892 -5.446291 -4.097668 -3.618502 -4.998603 -6.868588 -8.221322 -8.313578 -7.235918 -5.162543 -3.209745 -1.702913 -1.395311 -2.251415 -3.587116 -5.162121 -7.899339 -10.509749 -13.229927 -17.03616 -20.981653 -23.359001 -24.565657 -25.227602 -24.693228 -24.425558 -25.147703 -27.23134 -30.211514 -33.911758 -36.07872 -37.861641 -40.932549 -43.739044 -46.00185 -49.46735 -51.435913 -49.878555 -46.087086 -40.298935 -32.229694
-52.389977 -51.786648 -51.640221 -51.786808 -53.628998 -56.772678 -60.189331 -62.572956 -63.479549 -61.020668 -55.56031 -47.408222 -38.424347 -29.542526 -21.755489 -15.92909 -11.351026 -7.999348 -6.418447 -6.429182 -7.01592 -8.861527 -10.723707 -11.424226 -10.569123 -8.19113 -4.70486 -1.35497 1.525635 2.879068 2.222841 0.386096 -2.315396 -6.713779 -10.782607 -14.483178 -18.483191 -21.941597 -23.819471 -24.735199 -25.101812 -24.701122 -24.628891 -25.211082 -27.757214 -31.762098 -36.566601 -40.448788 -44.199276 -48.41404 -51.958946 -54.986412 -59.035706 -61.493053 -60.187584 -56.371487 -50.05534 -40.558243 -30.953987
-48.687798 -48.322109 -48.894356 -51.324543 -55.353542 -59.588486 -62.363392 -63.323685 -61.009983 -55.79689 -47.929745 -39.175678 -29.959677 -21.429678 -14.777199 -10.044003 -7.122085 -6.713021 -8.091158 -9.81951 -12.047146 -13.609591 -13.453392 -11.280871 -7.204556 -2.074963 2.69688 6.769807 8.621435 7.486354 4.683444 0.669199 -5.016294 -9.775265 -13.510634 -17.089226 -19.960997 -21.800634 -23.048683 -23.812832 -23.953651 -24.180651 -24.603062 -27.744022 -32.869228 -38.80442 -44.35445 -50.002392 -55.125671 -59.223083 -63.03056 -67.372368 -69.853073 -68.213608 -63.501507 -55.763702 -44.738937 -33.158638 -23.241146
-45.751999 -46.290783 -48.613457 -52.728283 -56.958485 -59.596363 -60.613819 -58.606331 -53.966961 -46.776752 -38.613277 -29.398348 -20.617641 -13.609505 -9.177683 -6.983096 -7.720546 -10.360238 -13.081125 -15.483921 -16.53392 -15.369612 -11.540278 -5.475315 1.383858 7.504492 12.483293 14.206141 12.032845 8.130177 3.019244 -3.337706 -7.882636 -10.784106 -13.420334 -15.646316 -17.805721 -19.875027 -21.493515 -22.498869 -23.150034 -23.45973 -27.053242 -33.034725 -39.835037 -46.692993 -53.713799 -59.59129 -64.382637 -69.081406 -73.771217 -76.299507 -74.107201 -68.123184 -58.679337 -46.170689 -32.868881 -21.892229 -12.666902
-43.394974 -45.381721 -49.145565 -52.83379 -54.962242 -55.808872 -53.989025 -49.908714 -43.572563 -36.071453 -27.119532 -18.482347 -11.76843 -8.231424 -7.314873 -9.435079 -13.294211 -16.777832 -19.009192 -19.213133 -16.748512 -11.167962 -3.137388 5.259337 12.317426 17.429605 18.309017 14.552461 9.292745 3.378564 -2.827924 -6.324924 -7.535568 -8.831161 -10.520942 -13.113533 -16.249588 -19.115726 -21.097122 -22.110157 -22.71137 -26.584459 -32.952164 -40.045147 -47.61327 -55.059963 -61.208076 -66.497787 -71.967316 -76.801056 -79.164986 -76.278114 -68.933044 -57.861679 -44.202126 -29.837467 -18.476694 -9.204777 -2.977445
-42.18298 -45.355148 -48.098183 -49.353424 -49.747227 -47.871834 -44.113411 -38.44981 -31.576632 -22.973047 -14.826201 -8.829548 -6.549089 -7.043457 -10.580293 -15.484802 -19.430029 -21.268681 -20.576136 -16.860336 -9.696621 -0.25192 9.040434 16.287169 20.796629 20.014032 14.234233 7.208435 0.20578 -6.193461 -9.116202 -9.172537 -9.501014 -10.855006 -13.594522 -17.216099 -20.98642 -23.619875 -24.776972 -25.575174 -29.214266 -35.060738 -41.641899 -49.159225 -56.465401 -62.59132 -67.838486 -73.201843 -76.938995 -77.724625 -73.067474 -64.019371 -51.412678 -37.296242 -23.190952 -12.688682 -4.443836 0.608936 2.247636
-42.234283 -43.731583 -43.668583 -42.882473 -39.964718 -35.686451 -30.179199 -24.053585 -16.702688 -10.141013 -5.781146 -5.351259 -7.362871 -11.843983 -17.351196 -21.459703 -22.815252 -21.544556 -17.270823 -9.35727 0.638681 9.999756 17.069754 20.947756 18.810555 11.38238 2.878237 -5.246453 -12.313738 -15.615539 -15.764228 -16.027029 -17.542856 -20.129263 -23.230673 -26.337709 -28.411777 -28.847174 -29.494593 -32.777039 -38.007034 -43.781918 -50.695419 -57.236717 -62.893547 -67.640091 -72.297997 -74.431038 -73.043243 -66.158241 -55.339214 -41.092682 -26.608719 -13.24006 -4.021465 2.643751 5.440632 5.095291 1.304523
-40.583092 -39.012943 -36.848663 -32.373226 -27.013268 -21.406498 -15.970251 -10.139791 -5.757623 -3.48998 -4.718733 -7.89944 -12.883481 -18.44294 -22.411621 -23.517052 -22.120422 -17.875681 -10.072671 -0.56014 8.149232 14.541479 17.595903 14.475617 6.260201 -3.082964 -11.86078 -19.503489 -23.66951 -24.709572 -25.360172 -27.37648 -29.680033 -31.697371 -33.356415 -34.484711 -33.671879 -33.767601 -36.339294 -40.589092 -44.956451 -50.847214 -56.21265 -60.948032 -64.982452 -68.587639 -68.848389 -65.212502 -56.327259 -44.042786 -28.929609 -14.562679 -2.362165 5.262884 10.149079 10.599169 8.063641 2.389191 -3.976872
-37.067886 -33.402615 -27.107891 -20.159611 -13.99869 -8.682451 -4.099905 -1.59045 -1.093703 -3.427383 -7.375072 -12.548407 -17.802254 -21.515038 -22.479536 -21.092791 -17.115395 -10.069008 -1.794344 5.582759 10.657027 12.421198 8.311485 -0.395662 -10.376689 -19.620359 -27.757874 -32.760292 -34.657642 -35.604408 -37.862946 -39.504368 -40.226807 -40.457439 -40.636909 -38.735016 -38.519188 -40.464672 -43.793552 -46.727962 -51.523697 -55.375614 -58.700554 -61.276852 -63.114609 -60.814152 -54.541992 -43.698399 -30.194363 -14.822906 -1.374098 8.784365 14.167024 16.675383 14.506229 9.959 3.023357 -4.171498 -10.749763
-32.341419 -24.890532 -16.639952 -9.661879 -4.098485 -0.259583 0.932091 0.287983 -2.567357 -6.697941 -11.45274 -16.03812 -19.2498 -19.970556 -18.649963 -15.223449 -9.005189 -2.158144 3.573597 7.140024 7.54884 2.180728 -7.073227 -17.583921 -27.376005 -36.142811 -41.962341 -44.730618 -45.967968 -48.00248 -48.729504 -48.00758 -46.869614 -46.017555 -43.28685 -42.276756 -42.96637 -44.563038 -45.501057 -48.680088 -51.246895 -53.802895 -55.873959 -56.81945 -52.744915 -44.357632 -31.589109 -16.702267 -1.408085 10.540167 17.920059 20.132719 19.784239 15.329243 9.633381 2.747498 -3.874146 -10.059792 -11.617386
-25.242428 -16.189743 -8.773331 -2.98206 0.084469 0.354063 -0.915091 -3.626435 -7.274358 -10.77329 -14.105483 -16.517973 -16.864288 -15.570123 -12.89906 -7.754066 -2.445421 1.439136 3.263987 2.147535 -4.418057 -14.144904 -24.787075 -34.692661 -43.519615 -49.576546 -52.597069 -53.833378 -55.276394 -55.086773 -53.245483 -51.15527 -49.419571 -45.962997 -43.977947 -42.969952 -42.30471 -40.8521 -42.18758 -43.322853 -45.341885 -47.746994 -48.853264 -44.300434 -35.173656 -21.689598 -5.992361 8.642267 18.869825 23.484486 22.766142 20.071728 14.515106 8.841756 3.225065 -1.533792 -6.694895 -8.108695 -7.949008
-22.015617 -14.800303 -8.566229 -5.118838 -4.311002 -4.890851 -6.371801 -8.806181 -10.894397 -12.86284 -14.276076 -14.328539 -13.123562 -11.132545 -7.169328 -3.67554 -1.886326 -2.224254 -5.297746 -13.23808 -23.278095 -33.520226 -42.718994 -50.613148 -55.845325 -58.160992 -58.900093 -59.579082 -58.793678 -56.500381 -54.304344 -52.097977 -48.195076 -45.017166 -42.039261 -38.844311 -35.148483 -34.593594 -34.357681 -35.756668 -38.470802 -39.635906 -35.175117 -26.537779 -14.042019 0.597128 12.2067 18.896076 19.956768 16.422285 12.377398 8.017946 4.825351 2.524027 1.025727 -2.454877 -3.949681 -5.413496 -5.641162
-25.330173 -18.911676 -14.629514 -12.362735 -11.321008 -11.090969 -11.853304 -12.371269 -13.112415 -13.695456 -13.465209 -12.618136 -11.556619 -8.976707 -7.282492 -7.526538 -9.763994 -14.474647 -23.388657 -33.510139 -43.105621 -51.301025 -57.853115 -61.654785 -62.667873 -62.543385 -62.0947 -60.666134 -58.276489 -56.29464 -53.495613 -49.184216 -44.671013 -39.334747 -33.44096 -27.853941 -25.636904 -24.380661 -25.785328 -29.109783 -30.804491 -27.402494 -20.614288 -10.540668 1.175434 8.546835 11.124334 8.908396 3.411482 -0.470139 -1.987657 -1.124552 1.087273 3.730178 2.304404 0.482174 -2.848976 -6.068509 -7.845248
-31.756533 -27.125795 -23.639996 -21.015274 -19.047886 -18.01697 -16.983866 -16.676205 -16.546955 -16.142792 -15.756358 -15.656943 -14.429269 -14.358387 -16.341488 -19.943125 -25.529003 -34.399105 -43.726345 -51.860836 -58.599709 -63.567768 -66.093674 -66.14682 -65.618401 -64.469475 -62.89624 -60.598862 -58.731739 -55.053448 -49.841942 -43.100433 -34.740864 -25.670826 -18.020065 -14.134207 -12.691882 -15.075027 -19.945759 -23.134758 -21.988857 -17.997828 -11.065516 -3.14654 -0.261343 -1.172699 -5.323632 -11.332458 -13.418672 -11.044024 -6.228648 -0.249376 5.75702 5.806524 3.397385 -1.069612 -6.346156 -10.66976 -14.351432
-40.588722 -36.382469 -32.572971 -29.144426 -26.537251 -24.361427 -23.281372 -22.738029 -22.53451 -22.775106 -23.533915 -23.784742 -25.208687 -28.456171 -32.902779 -38.696568 -46.371838 -53.979984 -59.967838 -64.659454 -67.685097 -68.899315 -68.208633 -67.47953 -66.182701 -64.836197 -62.861423 -60.856766 -56.195847 -49.551193 -40.788479 -30.022552 -18.739824 -9.898722 -5.271765 -3.636938 -6.591026 -12.142261 -16.032887 -16.616701 -15.42099 -11.907667 -8.224577 -9.540417 -12.990928 -17.537872 -22.162663 -21.397169 -15.220433 -7.658774 0.070115 7.175359 7.607087 4.508586 -0.311517 -6.322495 -11.892361 -16.886168 -21.107779
-48.521919 -44.023178 -39.666584 -36.159977 -33.628159 -32.437302 -32.027988 -32.554245 -33.675648 -35.216488 -36.63068 -38.962955 -42.548058 -46.858063 -51.914387 -57.663319 -62.978653 -66.621025 -69.155731 -70.19635 -70.04763 -68.853058 -67.925499 -66.635353 -65.738937 -64.22184 -61.883404 -56.406681 -48.519466 -37.945187 -25.500711 -12.904297 -3.529991 1.439054 2.893774 -0.182771 -5.729947 -9.70032 -11.582833 -12.880472 -12.571173 -12.843727 -17.582401 -22.524979 -26.037312 -28.309757 -24.679865 -15.760332 -7.136626 0.282321 6.357548 6.143788 2.52524 -1.74173 -7.436213 -12.962836 -18.252043 -22.998951 -27.451284
-54.348625 -50.01062 -46.566284 -44.299568 -43.522835 -43.703781 -44.854256 -46.451614 -48.299686 -50.058025 -52.214722 -55.197105 -58.443558 -61.959713 -65.569084 -68.771553 -70.546188 -71.63839 -71.410309 -70.181267 -68.476433 -67.064034 -65.322876 -64.39962 -63.180264 -60.633842 -54.873173 -46.430408 -34.926315 -21.630224 -8.693725 0.75898 5.743354 6.751413 3.360713 -1.965095 -6.193672 -9.435226 -12.686248 -14.32573 -16.871937 -22.502766 -26.368713 -27.043581 -26.380041 -20.590874 -11.002769 -3.908208 0.671552 3.948581 2.24279 -1.849534 -4.993591 -9.373541 -14.251446 -19.250366 -24.211082 -29.551481 -33.725971
-59.041775 -56.317783 -54.685184 -54.410675 -55.18882 -56.712337 -58.152977 -59.65633 -61.09478 -62.401859 -64.345833 -66.400215 -68.397232 -70.147842 -71.620018 -71.827278 -71.786041 -70.656708 -68.55117 -66.387375 -64.553871 -62.412712 -61.378902 -60.492706 -58.082264 -52.752804 -44.71254 -33.533882 -20.761368 -8.846513 -0.126525 4.617728 5.532585 2.64106 -1.394971 -4.829421 -8.240453 -12.12589 -14.371316 -17.325644 -21.924532 -23.450542 -20.942165 -17.629816 -11.129445 -3.087133 0.221302 0.236746 -0.520021 -4.260942 -8.55226 -9.78787 -12.363103 -15.995794 -19.9762 -24.718536 -30.676983 -34.907345 -38.90786
-63.554562 -62.647137 -62.771526 -63.95155 -65.611359 -66.720329 -67.730476 -68.717491 -69.146912 -69.959518 -70.843735 -71.475014 -71.730774 -71.822243 -70.869705 -69.88134 -68.090721 -65.227058 -62.502399 -60.120029 -57.48859 -56.02161 -55.291065 -53.252724 -48.941856 -42.242405 -32.798347 -21.990967 -12.323473 -5.00688 -0.675777 0.862011 -0.39082 -2.034951 -3.736282 -6.308136 -10.025989 -12.169703 -14.487014 -17.2314 -16.309355 -11.293541 -6.493055 -0.820482 4.46701 3.619347 -0.816253 -5.155884 -10.563592 -15.003875 -14.938611 -16.110826 -18.53581 -21.077078 -24.766123 -29.995136 -32.99535 -35.966537 -38.65213
-68.23764 -68.572563 -69.835228 -71.258972 -71.825867 -72.260353 -72.60186 -72.211472 -72.141594 -72.177467 -71.837715 -71.260574 -70.405159 -68.537514 -66.757881 -64.345932 -60.741894 -57.232449 -54.13686 -50.695354 -48.658161 -47.902996 -46.675751 -44.09103 -39.945122 -33.119476 -25.020994 -17.884897 -11.901927 -7.559197 -5.318174 -4.690256 -4.059361 -4.103848 -5.485612 -8.270457 -9.78301 -10.709577 -11.204828 -8.444489 -2.305396 2.463993 6.161508 8.213078 4.140818 -3.008407 -9.075334 -14.849728 -18.934164 -18.273796 -18.807934 -20.525988 -21.909817 -24.193338 -27.838221 -28.974411 -30.573536 -32.890656 -32.775341
-71.970261 -73.04351 -73.756699 -73.507072 -73.194679 -72.87513 -71.881851 -71.25383 -70.670952 -69.483047 -68.040596 -66.073425 -63.147877 -60.49054 -57.636555 -53.634766 -49.606846 -46.227142 -42.455441 -40.084335 -39.487488 -39.454895 -38.795155 -37.417362 -33.745033 -28.789211 -24.500048 -20.233559 -16.313238 -13.353557 -10.95063 -7.953884 -5.968614 -5.256955 -6.269907 -6.417161 -5.659809 -4.206422 -0.700559 5.146014 8.795473 10.171304 9.474075 3.675749 -4.516758 -10.861271 -16.347778 -20.321852 -20.391851 -21.202394 -23.007215 -23.684772 -24.402418 -25.574654 -24.282272 -23.862722 -25.152935 -24.979864 -23.276377
