atributos_novos/Unit_A_Upper_InsPh_Mean.grd
DSAA 
487 821
667000 691300
7126000 7167000
106.2348 -78.3086
[rows 676 to 701 of 818, columns 0 to 59 of 487]
15.768855 19.863817 21.686174 22.240726 21.453938 21.93516 23.528179 25.258482 26.836933 28.268139 28.680771 28.08526 26.713633 24.920073 23.301979 21.050192 18.294373 16.114256 14.889258 14.103381 14.600544 16.012838 17.649494 19.720882 22.489292 25.396072 29.039049 33.304855 36.878319 39.756115 42.407852 44.422436 45.477837 46.464016 47.34856 48.082127 48.927223 51.271198 55.911938 60.858517 66.58049 72.572777 76.391312 76.622803 76.749687 75.336197 72.355087 70.064392 69.402328 68.725967 68.691391 70.125923 72.645851 74.894615 76.685501 78.019394 78.189209 76.810379 75.219254 74.031525
19.723389 21.911425 22.819479 22.549482 23.353189 24.875336 26.205742 27.587999 28.637642 28.886469 28.227976 26.971058 25.077641 23.229229 20.47443 17.206276 14.521874 12.911324 11.899155 12.343423 14.021633 16.268681 18.930172 22.392408 26.144289 30.412874 35.024055 39.395439 43.291962 46.774612 49.561546 51.233112 52.226116 52.657505 52.889812 53.39476 55.535816 59.919109 64.593132 70.238144 76.136917 80.258797 81.572983 82.999031 82.391449 79.535751 76.177788 73.11911 69.566742 66.740128 65.823883 66.889008 68.689484 70.60643 72.392433 73.165665 71.958794 69.966537 68.07386 66.712128
21.68524 22.977839 23.349396 24.29475 25.605793 26.482916 27.436588 28.007053 28.390417 27.983746 27.082825 25.4841 23.568684 20.338432 16.586432 13.37206 11.153571 9.746429 9.900295 11.466566 13.966956 17.15914 21.254061 25.782299 30.780579 35.888096 40.858784 45.584332 49.846493 53.194138 55.267204 56.359283 56.55508 56.546055 57.212185 59.650677 64.278809 69.353203 75.38958 81.419243 86.019531 88.248535 90.345993 90.049828 87.126572 82.679947 77.53286 71.622375 66.54155 63.529652 63.137238 64.302544 65.983894 67.587967 68.326599 66.720833 63.853222 60.911598 58.694176 57.537247
22.328863 23.338202 24.361122 25.410044 25.909754 26.350786 26.409334 27.022118 26.976749 26.459982 25.313961 23.51922 20.010914 15.979327 12.357027 9.627621 7.937875 7.886873 9.392566 12.150118 15.938999 20.629684 25.748922 31.235325 36.827881 42.100445 47.312294 52.112335 55.895775 58.120872 59.32122 59.442802 59.460434 60.465023 63.344723 68.25975 73.871193 80.205017 86.232544 91.080597 93.84211 95.942711 95.558655 92.483124 87.15995 80.640869 73.320198 66.916641 62.618397 61.452473 62.22155 63.761436 65.099091 65.486435 63.220039 59.377838 55.281635 52.151634 50.293297 51.192715
22.718517 23.790264 24.555155 24.664232 24.288063 23.505232 24.413294 24.864607 24.963856 24.689093 23.503668 19.982328 15.835454 11.89978 8.666569 6.74307 6.611668 8.284461 11.454947 15.884861 20.984421 26.418705 31.880819 37.520485 42.75103 48.172585 53.22353 57.378906 59.700848 61.035355 61.189274 61.397381 62.739563 65.950409 70.99144 76.966515 83.302071 89.084915 93.93763 96.862221 98.60424 97.993393 94.857323 89.067863 81.8564 73.947762 67.067345 62.257671 60.734909 61.310875 62.723644 63.634151 63.33791 60.382706 55.601337 50.421703 46.439938 44.003674 44.56636 47.657845
22.809433 23.380919 23.275255 22.070608 20.502279 21.651867 22.523596 23.083456 23.674328 23.211033 19.859802 15.796383 11.810561 8.311792 6.24386 6.139847 8.029785 11.589993 16.506741 21.843048 27.284431 32.425076 37.780216 42.701973 48.052288 53.134254 57.523098 59.877831 61.336494 61.611393 62.042339 63.556389 66.871429 71.817574 77.834305 83.94973 89.429199 94.240372 97.172173 98.540634 97.69857 94.573837 88.625404 81.226723 73.280563 66.569412 61.945328 60.562729 61.334988 62.77998 63.26659 62.084938 58.269543 52.425083 46.215073 41.416611 38.532074 38.806484 41.903229 46.120773
21.749428 21.43968 19.479483 17.188181 18.334101 19.504606 20.431847 21.802862 22.149349 19.273912 15.547373 11.731601 8.255201 6.240414 6.314937 8.535637 12.54037 17.878778 23.361444 28.546772 33.095207 37.892269 42.180122 47.035789 51.903599 56.409275 58.758602 60.291889 60.679729 61.22147 62.620613 65.679825 70.309845 76.09903 81.785728 86.907005 91.689453 94.621727 95.819481 95.204292 92.568619 86.984665 80.008202 72.637077 66.371712 61.995567 60.690228 61.404251 62.602386 62.543213 60.547443 56.120106 49.744942 42.963516 37.722065 34.614727 34.584259 37.330498 41.620407 46.045582
19.634409 17.183517 14.264041 15.073174 16.415773 17.735535 19.670845 20.844019 18.65654 15.431472 11.950602 8.795871 7.043409 7.463794 10.130136 14.484879 19.902901 25.199066 29.842751 33.476154 37.463692 41.170444 45.572052 50.173691 54.931175 57.477478 59.006107 59.261196 59.641766 60.447601 62.760544 66.721146 71.981232 77.094597 81.871094 86.610275 89.672325 91.040962 90.929672 89.007072 84.18721 77.977661 71.548943 66.181618 62.392563 61.240578 61.766693 62.363022 61.388531 58.416882 53.470726 46.93145 40.244553 35.178032 32.384747 32.357697 34.984772 39.454617 44.420284 49.345444
15.609078 12.121359 12.327835 13.544629 15.225298 17.65748 19.587608 18.175478 15.59005 12.569892 9.825716 8.393099 9.174642 12.124316 16.584621 21.758881 26.521103 30.321688 33.021648 35.979012 38.956551 42.895634 47.307491 52.176506 55.174419 56.938591 57.222561 57.388699 57.788177 59.4884 63.032684 67.926582 72.877632 77.504929 82.238838 85.416092 87.154327 87.534668 86.228691 82.180107 76.641891 70.889603 66.271523 62.96674 61.67783 61.775249 61.559765 59.436981 55.524292 50.241062 43.868759 37.730881 33.377525 31.28441 31.637571 34.448734 39.252842 44.749638 50.440338 55.142452
10.830908 10.368008 11.28371 13.170171 15.896058 18.362417 17.772137 15.980569 13.568506 11.381332 10.278132 11.289594 14.167786 18.263731 22.712044 26.612474 29.37693 31.254309 33.34898 35.810867 39.468372 43.882668 48.798176 52.257999 54.14761 54.448639 54.390697 54.584892 55.995274 59.545944 64.374023 69.43766 74.204132 79.128471 82.587692 84.742287 85.60363 84.627998 80.909019 75.817688 70.782417 66.987427 64.471146 63.519817 63.422295 62.512005 59.414223 54.697453 49.067646 42.930325 37.365334 33.747196 32.357475 33.206139 36.334087 41.585167 47.578648 53.936111 59.287048 61.78722
9.188665 9.847193 11.924142 14.82358 17.588026 17.73937 16.763605 14.966518 13.316694 12.616107 13.811872 16.446444 19.972538 23.521912 26.377672 28.090565 29.299467 30.798489 32.915558 36.396618 40.850327 45.641251 49.366703 51.468052 52.071663 52.138287 52.761562 54.536949 58.454361 63.454639 68.76741 73.564438 78.233612 81.484703 83.231468 83.66256 82.162933 78.312531 73.571396 69.600899 67.085617 65.828125 65.622902 65.545044 64.185097 60.50193 55.494823 50.035927 44.600243 39.860115 37.070923 36.294918 37.26746 40.162449 45.077858 50.490253 56.276974 61.241894 63.322186 61.291073
9.933545 11.925422 14.768121 17.570984 18.247345 17.932224 16.698606 15.480583 15.113526 16.370893 18.657654 21.493835 24.11364 25.97591 26.823772 27.622551 28.775129 30.815353 34.27166 38.848289 43.397255 47.381508 49.826408 51.038578 51.625557 53.191803 55.579109 59.818832 64.853279 70.090981 74.686371 78.860466 81.570053 82.378807 81.596375 78.484451 73.682709 68.814056 65.681862 64.790146 65.625336 67.056534 67.862068 66.886162 63.275295 58.384254 53.337112 48.674992 44.80864 42.817421 42.615204 43.562088 45.923069 49.885738 53.874626 58.020805 61.49371 62.496185 59.739544 54.615612
12.0611 14.623429 17.272554 18.242838 18.494682 17.819353 16.932224 16.83032 18.152737 20.221067 22.631239 24.870604 26.256613 26.691162 27.337191 28.290409 30.056606 33.19286 37.657173 41.777489 45.779526 48.64241 50.853577 52.316387 55.078136 58.328487 62.788513 67.414322 72.083199 76.105736 79.442886 81.375656 81.168671 79.17276 74.36908 68.425911 63.2187 60.487629 60.494362 62.954464 65.885658 67.777191 67.893997 65.530785 61.83934 58.13102 54.853008 52.003227 50.664558 50.611229 51.002407 52.187077 54.447346 56.282959 58.084755 59.564568 59.463825 56.702976 52.476631 46.359058
14.940967 17.119503 18.031496 18.560162 18.263052 17.604757 17.782871 19.268538 21.385069 23.685125 26.049355 27.528643 28.107351 28.836283 29.799149 31.302872 33.900673 37.870293 41.333214 44.834248 47.705566 50.56197 52.672592 56.214909 60.121704 64.316452 68.172234 71.825287 75.080521 77.516823 78.878487 77.825226 74.997681 68.988632 62.201553 56.799316 54.484447 55.108089 58.682491 62.880722 65.824974 67.204605 66.573654 64.670609 62.763035 61.225811 59.679192 59.021591 59.004478 58.68153 58.415661 58.690922 58.235065 57.740944 57.362846 56.463356 53.923603 50.914822 46.979221 43.116096
17.111343 17.741371 18.273714 18.091137 17.277199 17.428188 18.845161 21.094999 23.662222 26.87282 29.282509 30.728178 31.932674 33.014507 34.037903 35.80555 38.934151 41.517029 44.289433 47.119587 50.35004 52.865822 56.861496 61.083893 64.650276 67.628654 70.231133 72.599373 73.944527 74.487381 72.471405 68.762222 61.870583 54.881279 49.743137 47.928886 49.088409 53.347637 58.17886 61.86636 64.435745 65.572006 65.688187 65.893509 66.286331 66.251953 66.448746 66.546539 65.543633 63.857658 62.153839 59.474136 56.777431 54.728367 53.149429 50.88282 49.013557 47.054485 45.258503 43.917774
17.660669 17.752811 17.152464 15.622345 15.203109 16.297415 18.758661 21.985994 26.72299 30.806034 33.728344 35.713406 36.889034 37.148815 37.700573 39.406296 40.758881 42.545143 44.959049 48.097012 50.78614 54.792538 58.933235 61.796913 63.991142 65.778358 67.709015 68.647873 69.101089 67.19902 63.587662 56.756744 50.222557 45.61478 44.077843 45.358772 49.76334 54.6353 58.551697 61.795776 64.16436 65.701721 67.420784 69.274185 70.425667 71.313469 71.579773 70.284752 67.770218 64.828918 60.786625 56.728622 53.51498 51.250324 48.956367 47.559391 46.617966 45.90892 45.39962 46.28347
16.722813 15.520687 13.081392 11.918726 12.604332 15.232389 19.198515 25.666544 31.621939 36.204815 39.102406 40.402977 39.783459 38.962746 39.004436 38.981365 39.497482 41.133514 43.829639 46.280125 49.830391 53.807632 56.090195 57.588375 58.877552 60.552601 61.27681 62.070095 61.009823 58.420994 53.080826 48.139332 44.695045 43.710175 44.881962 48.638943 52.792484 56.294853 59.552116 62.582615 65.065109 67.731796 70.533958 72.512138 73.880379 74.302101 73.067986 70.35408 66.936371 62.382656 57.750885 53.853889 50.973118 48.468243 47.12178 46.609787 46.448643 46.451614 47.406456 48.951805
14.206992 10.842785 8.788394 8.752593 11.085537 15.336385 22.834806 30.182594 36.145561 39.99197 41.560192 40.496208 38.826694 37.660522 36.57777 36.174004 37.053238 38.928665 40.796204 43.603165 46.992409 48.80407 50.087013 51.409065 53.295856 54.387245 55.932274 56.112885 54.952477 51.603867 48.759071 46.82748 46.595448 47.886829 51.052776 54.368191 57.174503 59.965569 62.767254 65.117157 67.559402 70.273262 72.27314 73.695488 74.308105 73.580666 71.407623 68.493553 64.43911 60.154011 56.119579 52.786476 49.804188 48.029945 47.107071 46.869347 47.048897 48.008537 49.459667 50.868023
9.16454 6.17488 5.162926 6.73968 10.773353 18.62812 26.803209 33.726505 38.397663 40.373466 39.321438 37.373524 35.712437 34.291885 33.693253 34.252361 35.614002 36.979588 38.967453 41.527592 43.004623 44.200043 45.84782 48.276913 49.916477 52.146725 53.584396 53.719379 52.223251 51.4594 51.007412 51.418144 52.766216 55.205151 57.393829 59.158657 61.059055 63.091717 64.74398 66.478577 68.626709 70.227211 71.485992 72.32093 72.307129 71.117752 69.258224 66.223221 62.612724 58.66404 54.96526 51.569805 49.283497 47.924908 47.625656 48.019012 49.000759 50.48159 51.813026 53.098228
4.211333 2.702999 3.649682 7.248716 14.787076 22.947227 29.991262 35.014561 37.325417 36.652893 34.95631 33.480995 32.423405 32.238052 32.862507 34.020699 34.867958 35.714088 37.052052 37.964397 38.954948 41.161728 44.659439 47.548061 51.136326 54.288273 55.822647 55.989708 56.728806 56.946381 57.229271 57.969498 59.139278 59.86731 60.412918 61.285931 62.471146 63.321514 64.220612 65.633888 66.644867 67.424599 68.207764 68.748856 68.500008 67.733414 65.985825 63.467655 60.068241 56.482155 53.089535 50.585514 48.947685 48.514095 48.914509 49.776745 51.09079 52.180908 52.980511 53.354885
2.222116 2.531499 5.285209 11.650856 19.03969 25.491047 30.433319 33.126972 33.424919 32.702694 32.474178 32.731655 33.676132 34.806664 35.924473 35.890999 35.185501 35.032173 35.23196 36.00404 38.797867 43.383163 47.316368 51.831345 56.022148 58.461826 59.647766 61.141071 61.35651 61.059189 60.873234 60.727531 60.292446 60.119183 60.427204 61.063358 61.337311 61.510914 62.143826 62.585487 63.005314 63.732906 64.654724 65.110115 65.082321 64.164406 62.501099 59.715668 56.561024 53.613899 51.372036 49.812881 49.396469 49.684219 50.160984 50.94598 51.465282 51.534912 51.113571 50.939232
2.94115 4.63091 9.366226 15.485115 20.911783 25.383642 28.367958 29.832539 30.572304 32.182789 34.396194 36.968006 39.036198 40.331612 39.595913 37.456055 35.826675 35.289204 35.777798 38.873161 44.315601 49.074127 54.128899 58.915688 61.825043 63.189407 64.523773 64.089439 62.817562 61.650269 60.578766 59.537777 59.109631 59.228367 59.519981 59.385532 59.034222 59.143871 59.198021 59.516068 60.358459 61.530148 62.25449 62.497082 61.678539 60.083702 57.518436 54.680538 52.121799 50.238098 48.851215 48.267284 48.143417 47.955868 48.003418 47.899189 47.48288 46.718784 46.355286 45.833828
6.006264 9.505423 14.575062 19.143145 23.216131 26.664509 29.437881 31.731018 35.099155 39.057396 42.897942 45.654327 47.066185 45.700878 42.358479 39.49818 38.070171 37.979942 41.069008 46.921024 52.105228 57.371201 62.282257 64.900253 65.654045 65.985146 64.29744 61.782448 59.688385 57.852825 56.425209 56.008518 56.143139 56.514172 56.686474 56.737968 57.172325 57.707413 58.491985 59.601677 60.60495 60.777607 60.001625 57.801411 54.756062 51.418377 48.362144 46.058907 44.652809 43.767284 43.131062 42.676411 41.962208 41.424225 40.867218 40.29612 39.460491 39.070507 38.779606 38.465397
11.454645 15.537383 19.279055 22.979837 26.909298 30.986406 34.86216 39.762856 45.073193 49.722519 52.764469 53.879742 51.79353 47.44656 43.475971 41.179127 40.658058 43.754711 49.79903 55.614666 61.245869 66.173172 68.402451 68.405563 67.384125 64.295197 60.665955 57.851089 55.660728 54.284748 54.249592 54.671772 55.325905 55.925549 56.388374 57.071003 57.927475 58.950645 59.953667 60.292313 59.311508 56.817047 52.461159 47.250847 42.579422 38.893131 36.568184 35.515194 35.098835 34.421101 33.634327 32.507885 31.608395 30.86977 30.488232 29.993841 29.988375 30.295862 30.524263 30.855942
19.202356 22.00201 25.130211 29.295391 34.422684 39.612965 45.580227 51.564747 56.321213 59.012177 59.503441 56.84457 52.29108 48.120556 45.78307 45.463898 48.761417 54.464931 60.01059 64.948746 68.747467 69.657776 68.366447 65.974815 61.971058 58.023525 55.3531 53.662373 52.903111 53.409386 54.129425 54.924957 55.782269 56.571201 57.557995 58.704281 60.112556 61.19915 60.92038 58.790012 54.6689 48.007908 40.252106 33.91399 29.20624 26.440296 25.468206 25.43988 24.852507 24.026537 22.759789 21.745153 21.012688 20.850605 20.695591 21.141771 22.173523 23.202084 23.957584 25.145132
26.546133 28.896233 32.939079 38.58062 44.633083 50.819626 56.660652 60.889511 62.946617 63.04203 60.735466 57.127544 53.618549 51.71854 51.589855 54.537838 59.049553 63.664314 67.405296 69.704445 68.997688 66.382835 62.803703 58.293709 54.498356 52.461288 51.532654 51.344124 52.037849 52.692341 53.340775 54.31377 55.448856 56.904369 58.40535 60.089607 61.198811 60.436066 57.447239 52.271332 44.179085 34.619919 26.926502 21.246962 17.744951 16.444141 16.502823 15.97311 15.188612 14.151937 13.411894 13.009089 13.301759 13.650388 14.572015 16.107393 17.494452 18.227867 19.309374 19.71545
