atributos_novos/Unit_A_Upper_InsPh_Mean.grd
DSAA 
487 821
667000 691300
7126000 7167000
106.2348 -78.3086
[rows 52 to 77 of 818, columns 360 to 419 of 487]
40.694557 32.183228 30.662746 32.219158 36.50808 41.854771 42.824738 37.362507 29.026834 19.1007 9.356944 4.686531 4.932666 9.045315 15.257012 22.833355 28.074709 31.184992 32.011261 33.318352 32.55476 33.618427 37.264004 43.598679 48.828369 55.690483 60.434006 62.835495 63.461754 62.80761 60.919746 60.194214 60.572399 60.03941 61.313797 62.85767 63.070423 60.053711 56.446674 50.76976 44.585842 39.248802 38.520538 41.326817 46.44849 53.370586 61.030262 65.696655 67.558647 67.726585 64.826103 60.282635 57.729465 56.9603 58.629448 63.403389 69.076782 72.288155 71.575417 66.367073
28.996275 28.129089 31.662115 38.637833 46.368603 49.170231 44.558453 35.554176 23.941761 11.389189 3.533702 0.826192 3.166761 8.596179 16.880838 24.219112 30.401932 34.139809 37.451843 38.331493 39.81319 42.962826 48.240421 53.051281 59.444336 64.526932 67.462883 68.741074 68.376091 66.415665 64.749481 64.065285 62.531742 62.816093 63.481239 63.112091 59.37257 54.93087 48.208912 41.278896 35.642353 35.338444 39.159328 46.095848 54.902866 64.263954 70.391571 73.3563 73.909767 71.139488 66.695068 63.835842 62.130959 62.805939 66.622246 71.06057 73.247513 72.366119 67.394753 59.305092
24.546335 28.80608 37.18787 46.490112 50.915447 48.215038 40.203678 28.752369 15.127906 5.125873 -0.549683 -0.796806 2.649292 10.341369 18.618629 27.20624 33.746361 39.363071 42.232841 44.785503 48.173122 53.367729 58.238834 64.157524 69.150818 71.749008 72.07534 70.796303 68.147369 65.259323 63.427692 61.392078 61.165482 61.263321 60.535023 56.539913 51.595318 44.358692 37.430946 32.458702 33.265591 38.592812 47.352951 57.576691 67.75872 74.574127 77.989555 78.434776 75.55719 71.216385 67.948135 65.225922 64.828003 67.544426 70.587257 71.620422 70.397156 65.554337 57.502014 46.660572
24.147894 32.340092 41.680256 46.688957 45.564854 39.080486 28.707214 15.198594 4.083282 -3.703992 -6.155688 -4.194499 3.51956 13.470912 25.057106 35.118385 43.39941 48.05891 51.362 54.451267 58.655403 62.637653 67.154068 70.670998 71.651108 70.232262 67.665176 64.390617 60.974461 58.74976 56.839005 56.501381 56.207211 55.21236 51.583015 47.038197 40.46109 34.867645 31.715937 34.12175 40.820263 50.678028 61.203747 70.94928 77.239723 80.076324 79.834663 76.575806 72.199944 68.447708 64.839951 63.281307 64.667603 66.275749 66.289299 64.812935 60.242451 52.535667 42.281029 31.609228
27.348637 36.145809 40.759293 40.220932 34.790092 25.291111 12.066602 0.82442 -7.564265 -10.842789 -9.406182 -0.834398 11.039513 25.417044 38.816643 49.906921 56.283039 60.207451 62.665817 65.051071 67.064751 69.062981 69.796341 68.100067 64.345398 60.020882 55.832481 52.089798 49.852287 48.388664 48.306553 48.25872 47.761124 45.263371 41.85339 36.570435 32.349091 30.413622 33.456902 40.650463 50.950294 61.572361 71.06163 77.096848 79.552444 78.815689 75.163605 70.611488 66.31813 61.844925 58.974789 58.841492 58.948666 57.835678 55.888 51.402973 44.171268 34.798458 25.684542 17.816929
28.500917 31.958431 31.67901 27.716507 20.081991 8.891783 -0.7211 -8.189821 -11.229833 -9.584841 -0.509167 12.183536 27.641279 42.648888 54.989101 62.217968 66.570824 68.812454 69.723091 69.741447 68.737671 66.196266 61.268349 54.8251 48.653751 43.681587 39.580971 37.462296 36.635075 37.031948 37.622761 38.184067 37.230331 35.162472 31.215714 27.903191 26.378782 29.125463 36.282684 46.823494 57.875641 67.824532 74.328987 76.724617 75.625046 71.427322 66.185883 61.002777 55.500275 51.140343 49.485588 48.433285 46.576584 44.547657 40.724483 34.672672 26.895948 19.931377 14.303421 11.008893
21.724876 21.598845 19.385056 13.887823 5.32403 -1.784423 -7.321627 -9.393182 -6.986622 2.528417 15.287851 30.471027 45.327721 57.725986 64.842155 68.926125 70.320976 69.489449 66.857811 62.557213 56.680969 49.127567 40.941257 33.959824 29.19919 26.10532 25.222694 25.884264 27.553677 29.24188 30.346643 29.843119 27.911217 24.216158 20.77206 19.219389 21.797222 29.065905 39.978024 51.803623 62.490524 69.522881 71.838135 70.279129 65.286392 58.973 52.645668 46.07066 40.139278 36.863998 34.630943 32.207703 30.449379 27.991692 24.074802 19.00543 14.876599 11.806894 10.81482 11.320962
14.373791 12.758679 8.271399 1.458645 -3.690008 -6.965352 -7.151958 -2.969315 7.627877 20.730112 35.194557 48.975258 60.122459 65.911682 68.572624 68.280067 64.999825 59.468414 52.125687 43.448639 34.039074 25.180471 18.337343 14.465562 13.096973 14.0704 16.593168 19.639818 22.175726 23.205833 22.308542 19.777103 15.889747 12.173161 10.533668 12.969354 20.19063 31.181253 43.618092 55.050549 62.566559 64.905731 63.042091 57.330605 49.928638 42.591511 35.12928 27.940081 23.181702 19.823547 17.066881 15.866794 15.049041 13.818568 12.160748 11.164577 10.701689 11.681571 13.421671 15.748529
9.333698 5.869506 1.11921 -1.449852 -1.889011 0.525693 6.705504 17.573223 29.26162 41.091564 51.723202 59.734585 63.083603 63.846863 61.8414 56.585896 48.951992 39.685833 29.432421 19.284969 10.771392 4.842203 2.235877 2.832539 5.824542 9.943141 13.861803 16.641352 16.949778 14.984887 11.443188 7.177104 3.085383 1.185005 3.028967 9.594815 20.149624 32.792389 44.78632 53.112267 56.125553 54.462929 48.623379 40.700397 32.663803 24.440933 16.310032 10.282055 5.925483 2.977461 2.507432 3.473144 4.987289 6.596249 8.523841 10.294807 12.63097 14.948298 17.324415 18.915642
8.928936 6.466192 6.094262 7.793542 12.018849 19.077253 28.530998 37.206032 44.913837 51.079575 54.999901 55.647369 54.749226 51.789951 45.846634 37.582542 27.839323 17.312162 7.505836 0.113224 -4.27866 -5.162047 -2.437697 2.321593 7.587027 11.819704 14.107723 13.153893 9.97324 5.396423 0.840482 -3.0974 -4.719567 -3.321968 2.280968 11.594046 23.170486 34.38979 42.72086 46.325642 45.263584 39.946835 32.237869 24.003601 15.141802 6.264032 -0.764927 -5.880386 -8.775395 -8.202258 -5.288841 -1.08644 3.495297 7.783845 11.161761 14.071944 16.183775 18.028318 19.230032 20.113951
16.671679 17.124289 19.517149 24.003983 30.310743 37.528229 42.944241 46.756279 48.989353 49.603008 47.910847 45.617336 41.908676 35.925495 28.07214 19.345865 9.989616 1.887563 -3.676089 -6.385515 -5.832838 -1.585113 3.989409 9.507538 13.368379 14.616088 12.167648 7.79632 2.35914 -2.340457 -5.876595 -7.049356 -6.017637 -1.581564 5.889159 15.476388 24.851149 32.342926 36.088207 35.630463 31.164185 24.31842 16.395327 7.40245 -1.633252 -9.114225 -14.647092 -17.151455 -15.586829 -11.151531 -5.090848 1.571169 7.290174 11.535995 14.513227 16.437904 17.917213 19.056023 20.230001 21.2276
29.382725 30.797338 34.312958 39.085052 43.94767 47.014488 48.351376 48.001091 46.075741 42.63842 39.137329 34.906834 29.368429 22.880091 16.105093 8.985543 3.275295 -0.286513 -1.402587 0.056426 4.553295 9.601288 14.184608 16.585865 16.165216 12.4463 7.38108 1.533475 -3.177849 -6.270577 -7.382479 -7.310621 -4.551031 0.724926 7.845559 14.99782 21.578512 25.656805 26.27947 23.391029 18.381475 11.64644 3.232242 -5.291351 -12.640621 -18.303339 -20.478827 -18.375324 -13.387493 -6.722246 0.77548 7.057937 11.705206 14.697708 16.63727 17.978209 19.176411 20.612621 22.171547 23.458073
39.963795 41.891941 44.951817 47.938667 49.526402 49.544483 47.601322 43.874546 39.201473 34.73497 30.155964 25.370441 20.779594 16.505594 12.373929 9.836193 8.935522 9.628668 11.762828 15.710329 18.954966 21.096691 21.021778 18.592619 13.6728 8.29752 2.547786 -2.129502 -5.199182 -6.696656 -7.970215 -7.10953 -4.051737 0.665561 5.70674 11.698722 16.592424 19.029156 18.51333 16.143698 11.209812 3.81356 -3.987638 -10.951914 -16.67824 -18.909761 -17.122545 -12.799166 -7.076087 -0.360961 5.332591 9.785182 12.79741 15.176479 17.081327 18.902781 21.085146 23.42507 25.077044 26.179651
47.16116 48.695759 50.37899 51.554085 50.977776 47.824944 42.863346 37.375034 32.171272 27.629929 24.12764 21.800743 20.284788 19.286621 19.743252 21.092112 23.054127 25.154097 27.686609 28.49581 27.885889 25.489548 21.739786 16.631678 11.794897 6.710525 2.157004 -1.073853 -3.108788 -5.421907 -5.89459 -4.288403 -1.215691 2.178734 7.629806 13.355497 17.627531 19.282757 19.37431 16.262793 9.804803 2.471335 -4.236368 -10.255672 -13.180935 -12.632925 -10.018151 -6.328834 -1.303455 3.066827 6.957882 9.971098 12.923316 15.420771 18.124199 21.071301 24.042671 25.877047 27.130016 27.466141
51.655228 52.430359 53.442539 52.360348 48.217018 42.212624 36.094978 30.367531 26.114088 23.88488 23.691914 24.679579 26.433352 29.348732 32.44495 35.236057 36.869259 37.730183 36.253445 33.357994 29.356266 25.352079 20.928707 17.003294 12.608044 7.751058 3.386422 0.131271 -3.06723 -4.139438 -2.641872 0.577323 3.952236 9.617366 16.123777 21.67075 24.652046 26.324446 24.549936 19.147833 12.356653 5.965168 -0.443295 -4.481994 -6.052537 -6.023101 -5.336172 -2.779521 -0.155827 2.893401 5.87729 9.655025 12.925669 16.385736 20.094967 23.591805 25.4972 26.86338 27.112846 26.750376
55.336388 56.118313 54.244812 48.631977 41.355915 34.686802 28.59565 24.744177 23.75425 25.140442 27.778521 31.411797 35.882244 40.136868 43.563385 44.834553 44.422153 41.472565 37.185604 32.427055 28.780539 25.229301 22.044477 18.044388 12.731042 7.322302 3.392945 0.265295 -0.335504 2.191147 6.668271 10.884212 17.093811 24.303926 30.54594 33.952713 36.121777 34.831741 30.05551 23.543123 17.31348 10.562966 5.385665 1.498211 -1.133795 -3.317893 -3.317925 -2.633716 -0.800414 1.678359 5.550084 9.110241 12.965774 17.193268 21.126066 23.2477 24.81259 25.081661 24.754082 85.109955
58.87347 55.299747 47.91906 39.586517 32.563255 26.634457 23.516663 23.590794 26.022232 29.738811 34.345886 39.341629 43.919605 47.236443 47.833225 46.526756 42.843349 37.927002 33.199741 30.466333 28.197678 26.422054 23.858078 19.488073 14.451804 11.129661 9.028796 9.505624 13.397533 19.215956 24.248947 30.509146 37.453526 42.956593 45.416046 46.514088 44.61602 39.9272 33.622845 27.627514 21.006182 15.094915 9.139689 3.998041 -0.898448 -3.584259 -5.047945 -4.650018 -2.924014 0.61806 4.181755 8.2209 12.808639 17.132685 19.829924 21.973175 22.684225 22.686573 84.401276 84.345009
56.362293 46.821041 37.760891 30.908712 25.805454 23.81057 24.612753 27.214794 30.83474 34.764084 38.681969 42.270958 44.574497 44.250713 42.537865 39.222748 35.091885 31.603024 30.679094 30.692373 31.059185 30.586611 28.047178 24.286741 21.871281 20.940481 22.372347 27.205763 33.747822 39.077785 44.656136 50.42923 54.198437 54.905174 54.323578 51.451229 46.77388 40.789318 35.177895 28.861572 22.551834 15.053474 8.140952 1.324403 -3.30881 -6.377732 -7.105289 -6.116319 -3.018246 0.380791 4.461215 9.118611 13.544637 16.498735 18.897079 19.716116 19.921452 84.460083 84.052505 83.994934
45.103325 36.211239 30.053797 26.077156 24.948153 25.614191 27.435411 29.748894 31.94537 34.119461 36.360649 37.770557 37.275158 36.027134 33.788033 31.182522 29.380116 30.390856 32.559628 35.073509 36.737656 36.304138 33.947048 32.463997 32.40147 34.300995 39.128963 45.402889 50.380222 54.746254 58.635777 60.314533 59.308308 57.098972 53.36998 49.0881 43.827412 38.824448 33.006386 26.754421 18.405092 10.534817 2.742035 -2.942991 -6.877781 -8.31072 -7.850065 -5.174719 -1.939707 1.96167 6.527006 10.845187 13.845032 16.210257 17.05566 17.362007 84.672333 83.829613 83.275177 82.278847
36.643764 31.032331 27.538563 26.188921 25.834328 25.984715 26.255821 26.270271 26.542578 27.411499 27.978666 27.528341 27.103205 26.238047 25.456413 25.752022 28.835436 33.160698 38.016315 42.109852 44.235683 44.145206 44.103127 44.69112 46.297142 49.795441 54.021061 57.180721 59.514126 61.234554 60.953526 58.656475 55.305344 51.117886 47.342525 43.121918 39.001572 33.998219 28.24337 19.895807 11.74316 3.901673 -1.974844 -6.121593 -7.745898 -7.376316 -4.997189 -1.834063 2.059732 6.434862 10.408619 13.13704 15.104109 15.512097 15.67133 84.57103 83.469261 82.439384 80.731934 79.730431
33.752216 30.229498 28.075468 25.933296 23.995001 22.214649 20.30694 18.966751 18.628998 18.461973 17.984892 18.311945 18.745371 19.923107 22.45167 27.789736 34.402908 41.779903 48.325062 52.940445 54.994755 55.949276 56.35593 56.701591 57.755215 58.635715 58.913639 58.563072 57.824219 55.800007 53.007484 49.738598 46.430439 44.034969 41.646584 39.012642 35.062084 29.685194 21.71863 13.372802 5.415464 -0.632021 -4.62077 -6.074469 -5.205816 -2.484806 1.104186 5.214853 9.345792 12.59533 14.599508 15.762329 15.475458 15.272346 84.187416 83.223068 81.983208 80.102837 78.875961 77.526695
32.160915 29.161013 25.660227 22.078451 18.734848 15.515859 13.090466 11.903089 11.295262 10.937118 11.952942 13.472605 16.48307 21.194643 28.590925 36.981857 46.10368 53.934982 59.735664 62.92992 64.2118 63.959805 62.746723 60.913681 58.019726 54.949688 51.791401 48.915466 46.14473 43.857086 42.01701 40.768505 40.572281 40.410831 39.685802 36.876255 31.955418 24.516823 16.206722 8.183932 2.102717 -1.696064 -2.920292 -1.56315 1.592114 5.575556 9.816317 13.501872 15.790709 16.689781 16.728552 15.63821 14.973578 83.039276 82.577438 81.553833 80.036926 79.083778 77.707771 75.296524
27.744009 23.471504 18.904596 14.935288 11.66172 9.293771 7.992531 7.637747 7.836353 9.492465 11.714209 16.103678 22.467291 31.233976 40.495419 50.687351 58.970657 65.135323 68.875465 70.456497 69.590645 67.208817 63.123775 57.126541 51.090843 45.377838 40.571362 37.181419 35.425415 35.008911 35.965622 38.033886 40.169334 41.486958 40.093395 35.807789 29.009705 20.715071 12.478196 6.11909 2.217233 0.830516 2.244815 5.453909 9.417834 13.358039 16.476698 17.909901 17.877291 17.044653 15.552949 14.594523 81.174896 81.257248 80.57798 79.569908 79.054802 77.894318 75.184395 72.071068
21.603506 16.479271 12.619987 10.060448 8.167842 6.940814 6.920925 7.357258 9.141723 11.685106 17.12244 24.76556 34.397263 44.046864 54.603939 62.421322 68.041451 71.796577 73.494553 72.305267 69.39344 64.070099 56.030586 47.618343 39.679035 33.27092 29.282261 27.862803 28.891455 32.199009 36.670074 41.40871 45.204311 45.674503 42.26429 36.099762 27.536966 18.553043 11.247828 6.564139 4.433596 5.400215 8.345055 12.111225 15.733081 18.394142 19.282547 18.688633 17.363226 15.857308 14.825051 78.837578 79.54763 79.307617 78.962456 79.04586 78.323288 75.520164 72.177727 67.314224
17.446472 14.023626 12.107409 10.398789 8.835303 8.942837 9.498764 11.236521 13.896884 20.028173 28.248791 38.03112 47.477055 57.780804 64.554604 69.167206 72.288017 73.84462 72.497688 69.545151 63.787067 54.788372 44.637039 34.81757 27.030119 22.55687 21.609295 24.345354 30.149235 37.164619 44.410316 50.489475 52.671516 50.14883 44.365082 35.36013 25.235022 16.397053 10.233254 6.761086 6.684279 8.979524 12.343766 15.600949 18.031935 18.817484 18.187586 16.907812 15.853303 14.992351 76.318367 77.605385 77.86235 78.209572 78.977058 78.824905 76.260048 72.954689 68.440063 61.040565
17.243931 15.337666 13.125185 10.716996 10.480592 10.945595 12.655846 15.456858 21.963356 30.346296 39.925564 49.041138 58.990158 64.944237 68.920135 71.589348 73.063759 71.596603 68.582779 62.446018 52.861229 41.523151 30.594498 22.227812 18.005295 17.916527 22.302612 30.051153 39.059071 47.941986 55.405273 58.632935 56.81778 50.978638 41.443684 30.247696 19.95821 12.154515 7.264081 5.839184 7.112329 9.712569 12.365179 14.545325 15.59716 15.466572 14.805987 14.66514 14.306833 74.261269 75.768478 76.275597 76.881577 77.967995 78.163406 76.020241 73.010086 69.1754 62.979263 55.656223
