atributos_novos/Unit_B1_Lower_Flatness_Mean.grd
DSAA 
487 821
667000 691300
7126000 7167000
0.57171 0.002088
[rows 140 to 167 of 818, columns 0 to 62 of 487]
0.02672 0.027147 0.027281 0.029013 0.03655 0.050182 0.068688 0.091313 0.114733 0.133483 0.146996 0.154314 0.15339 0.143304 0.124208 0.096904 0.067663 0.041837 0.022057 0.010081 0.005571 0.004669 0.004691 0.005253 0.006715 0.009386 0.013618 0.019216 0.025594 0.033175 0.042854 0.051507 0.058458 0.063921 0.06648 0.064526 0.064179 0.06613 0.070994 0.082035 0.095586 0.106519 0.115852 0.122982 0.12366 0.125631 0.132056 0.143503 0.157733 0.17244 0.180591 0.180252 0.170664 0.156426 0.143473 0.137679 0.137025 0.13766 0.137123 0.132298 0.119916 0.104987 0.091131
0.037633 0.03996 0.043092 0.05213 0.067572 0.087952 0.112803 0.139414 0.161224 0.177784 0.188119 0.190031 0.181247 0.160561 0.12778 0.091033 0.057271 0.030279 0.013218 0.006429 0.004772 0.004419 0.004786 0.006303 0.009226 0.013658 0.019193 0.025173 0.031804 0.040513 0.048737 0.055837 0.061623 0.064422 0.061358 0.05879 0.058302 0.061138 0.071708 0.087823 0.102808 0.115827 0.125379 0.125758 0.124344 0.126051 0.133533 0.147037 0.165164 0.178989 0.184964 0.181429 0.170856 0.158584 0.152822 0.152278 0.152207 0.149175 0.140866 0.123167 0.101807 0.082164 0.066711
0.055426 0.062147 0.074371 0.092401 0.114416 0.140153 0.167273 0.189156 0.205982 0.217168 0.22036 0.21252 0.191277 0.155026 0.112605 0.07252 0.039504 0.017671 0.008256 0.005558 0.004666 0.004708 0.006135 0.009055 0.0135 0.01913 0.025287 0.03193 0.040861 0.049876 0.057793 0.06403 0.066899 0.062723 0.057708 0.054651 0.055169 0.064307 0.081718 0.099928 0.116502 0.129002 0.13063 0.126865 0.12394 0.125962 0.13648 0.155817 0.174236 0.186212 0.189245 0.182963 0.171111 0.164226 0.163174 0.163394 0.160428 0.15227 0.133515 0.108837 0.084134 0.064255 0.053982
0.082095 0.097516 0.117197 0.139485 0.163715 0.187857 0.206574 0.220852 0.230255 0.233494 0.22722 0.207886 0.172407 0.128865 0.086098 0.049613 0.024075 0.011691 0.007368 0.005585 0.00504 0.006095 0.00866 0.012743 0.01828 0.024807 0.032025 0.041772 0.052107 0.060981 0.067316 0.069818 0.064797 0.058138 0.053743 0.053295 0.061562 0.079779 0.100061 0.118863 0.133615 0.137704 0.134062 0.129217 0.127885 0.135792 0.154508 0.17435 0.188966 0.19571 0.192468 0.181123 0.173484 0.172808 0.175306 0.174989 0.169599 0.15321 0.128198 0.099632 0.074422 0.058579 0.052249
0.117086 0.137132 0.158011 0.178747 0.197343 0.210552 0.219974 0.225403 0.227016 0.222367 0.206824 0.176343 0.136744 0.095819 0.059089 0.031649 0.016418 0.00996 0.006967 0.005696 0.006249 0.008348 0.011914 0.017204 0.024091 0.03205 0.042773 0.05453 0.06439 0.070662 0.072557 0.06672 0.058634 0.053551 0.053097 0.061087 0.07968 0.101482 0.121169 0.136844 0.143464 0.142505 0.138931 0.137841 0.145653 0.164155 0.183043 0.196863 0.203866 0.200988 0.188588 0.17976 0.179366 0.184481 0.188169 0.187466 0.175582 0.152994 0.122925 0.093407 0.072081 0.061355 0.057767
0.144406 0.164284 0.182083 0.195384 0.202512 0.206178 0.206909 0.205944 0.202636 0.192695 0.170492 0.138265 0.102395 0.067944 0.039736 0.021705 0.012833 0.008511 0.006509 0.006535 0.008145 0.01116 0.016148 0.02338 0.032261 0.044174 0.057411 0.068244 0.074362 0.075376 0.068539 0.05922 0.053961 0.054614 0.063604 0.08331 0.106803 0.126998 0.142275 0.150198 0.151979 0.150919 0.151951 0.161359 0.180334 0.19749 0.208591 0.213303 0.20854 0.193292 0.181926 0.180394 0.186828 0.194294 0.199006 0.192712 0.17444 0.145483 0.113702 0.088593 0.075318 0.070591 0.073231
0.155356 0.170832 0.180169 0.18323 0.182881 0.180525 0.178238 0.176899 0.172635 0.159351 0.135434 0.10564 0.074564 0.046683 0.026438 0.015367 0.009876 0.007305 0.006929 0.008181 0.010789 0.015529 0.023029 0.032698 0.045515 0.0596 0.07079 0.076356 0.076192 0.068364 0.058485 0.054083 0.057057 0.068774 0.090865 0.116468 0.136774 0.150684 0.158348 0.162499 0.165047 0.170376 0.183117 0.202727 0.216444 0.221706 0.220412 0.211299 0.193099 0.179963 0.1783 0.186367 0.197273 0.206334 0.204782 0.19035 0.16347 0.131403 0.105223 0.092552 0.090162 0.095977 0.106113
0.14419 0.15137 0.152925 0.151512 0.148624 0.146824 0.148114 0.149131 0.143922 0.128029 0.104501 0.077399 0.050993 0.029745 0.01718 0.010867 0.007968 0.007362 0.00845 0.010888 0.015406 0.022744 0.032314 0.044754 0.057983 0.068164 0.072696 0.071647 0.063755 0.055065 0.053282 0.060039 0.076058 0.101379 0.129311 0.149958 0.16272 0.169789 0.177188 0.184636 0.195413 0.211937 0.231176 0.23868 0.235023 0.224728 0.209232 0.188625 0.175729 0.175535 0.185638 0.199392 0.211052 0.211921 0.199987 0.175891 0.145719 0.121509 0.112594 0.115164 0.125927 0.138734 0.149695
0.117876 0.119597 0.119009 0.117578 0.116826 0.119645 0.123548 0.123404 0.113473 0.095703 0.073228 0.050014 0.029993 0.017464 0.011124 0.008352 0.007754 0.008816 0.011227 0.015607 0.022475 0.031373 0.04277 0.054405 0.063015 0.066714 0.065381 0.058084 0.051132 0.052077 0.06226 0.082286 0.110515 0.140797 0.162756 0.175646 0.182576 0.192615 0.203528 0.217769 0.23603 0.253197 0.254542 0.243216 0.224843 0.202992 0.180045 0.167016 0.167126 0.177427 0.192362 0.205506 0.207751 0.198033 0.178415 0.153432 0.134763 0.132378 0.141712 0.158041 0.173145 0.181703 0.182183
0.095883 0.097826 0.098553 0.098096 0.099701 0.102685 0.102962 0.095336 0.081479 0.063589 0.044495 0.02744 0.016433 0.010823 0.00844 0.007942 0.008924 0.011228 0.015396 0.021678 0.029789 0.040002 0.049998 0.057088 0.060165 0.058875 0.052663 0.047673 0.050835 0.06341 0.086357 0.116633 0.148614 0.172522 0.186471 0.193169 0.203768 0.215707 0.230551 0.248714 0.26391 0.262026 0.246515 0.223053 0.196514 0.171626 0.157344 0.156238 0.164863 0.178373 0.190072 0.191763 0.182983 0.167846 0.149923 0.139599 0.145133 0.161436 0.182683 0.199572 0.206075 0.202841 0.191866
0.091159 0.093592 0.091955 0.089667 0.088008 0.084653 0.0763 0.064665 0.050903 0.036383 0.023321 0.014742 0.010274 0.008376 0.007991 0.008837 0.010924 0.01474 0.020289 0.027437 0.036358 0.044829 0.050711 0.053591 0.052915 0.048277 0.04525 0.049974 0.063446 0.087329 0.117896 0.15032 0.175684 0.191447 0.199181 0.210861 0.223927 0.239516 0.257813 0.271425 0.267226 0.248503 0.220462 0.188952 0.16159 0.145597 0.143064 0.149826 0.161096 0.170168 0.170788 0.162961 0.152509 0.142554 0.141195 0.153722 0.174658 0.198001 0.21501 0.219666 0.21401 0.200825 0.180552
0.096057 0.092375 0.085157 0.077876 0.069675 0.059441 0.049108 0.038851 0.028457 0.019255 0.013159 0.009849 0.008364 0.007997 0.008603 0.010353 0.013669 0.018407 0.02464 0.032603 0.040133 0.045607 0.049046 0.049609 0.046603 0.044956 0.049931 0.062614 0.084987 0.114032 0.145793 0.172526 0.190647 0.201179 0.214181 0.22767 0.242642 0.260067 0.271445 0.266069 0.246245 0.216114 0.181098 0.151456 0.133526 0.128826 0.132964 0.141626 0.148282 0.148426 0.143371 0.139301 0.138048 0.145146 0.162402 0.183392 0.203606 0.217408 0.21952 0.212559 0.199993 0.181283 0.161742
0.098449 0.085793 0.072594 0.059262 0.046574 0.036749 0.029141 0.022011 0.015992 0.012026 0.009742 0.008574 0.008148 0.008455 0.009788 0.012554 0.016639 0.02241 0.030203 0.037812 0.043921 0.048688 0.050789 0.049003 0.04772 0.051349 0.061239 0.079498 0.105124 0.13489 0.162491 0.183208 0.197829 0.211966 0.22509 0.238592 0.254521 0.264105 0.26038 0.243361 0.214818 0.17919 0.147922 0.126843 0.11793 0.117758 0.122657 0.126753 0.127148 0.125855 0.128162 0.134637 0.148352 0.168026 0.186873 0.202362 0.212458 0.213395 0.206977 0.196181 0.180293 0.162078 0.143024
0.09105 0.072759 0.055 0.039872 0.029814 0.02366 0.018394 0.014262 0.011639 0.010027 0.009021 0.008503 0.008546 0.009479 0.011695 0.015276 0.020831 0.028811 0.036922 0.044114 0.050406 0.054076 0.053325 0.052219 0.054158 0.060633 0.073992 0.095584 0.122642 0.150243 0.173032 0.19159 0.206849 0.219774 0.232361 0.247561 0.256575 0.255518 0.2421 0.216156 0.181084 0.148532 0.124284 0.111251 0.107035 0.108347 0.110037 0.110919 0.112981 0.119843 0.131282 0.148756 0.168593 0.184342 0.195542 0.203265 0.204854 0.200538 0.192185 0.179111 0.162007 0.143342 0.123797
0.069996 0.051615 0.036418 0.026772 0.021422 0.017087 0.013834 0.011819 0.010554 0.009676 0.009125 0.00904 0.00971 0.011472 0.014638 0.020107 0.028596 0.037534 0.046177 0.054371 0.059783 0.059814 0.058767 0.059028 0.062112 0.070937 0.089073 0.114024 0.141924 0.167484 0.190563 0.207837 0.220753 0.232304 0.245394 0.252152 0.251507 0.240228 0.216216 0.182177 0.149076 0.122756 0.106807 0.099977 0.099393 0.100501 0.102853 0.108051 0.117741 0.131258 0.149235 0.167339 0.179689 0.187696 0.19414 0.196791 0.194345 0.187331 0.175344 0.158624 0.141306 0.125137 0.113956
0.046224 0.033594 0.025306 0.020582 0.016786 0.013916 0.012106 0.011061 0.010382 0.009922 0.009866 0.010465 0.011906 0.014727 0.020193 0.029374 0.039269 0.049546 0.059936 0.067261 0.068012 0.067056 0.065685 0.065412 0.070158 0.085477 0.109156 0.13841 0.167826 0.195744 0.215011 0.227195 0.235974 0.244708 0.247643 0.246601 0.237256 0.216061 0.184644 0.152479 0.125147 0.107415 0.099184 0.098105 0.099778 0.103767 0.110937 0.121023 0.133362 0.148906 0.163782 0.173038 0.17978 0.187073 0.192155 0.192503 0.186893 0.174983 0.157432 0.140587 0.126771 0.119969 0.119973
0.0296 0.023345 0.019477 0.016316 0.013851 0.012231 0.011449 0.011158 0.01107 0.011375 0.012278 0.013786 0.016488 0.021924 0.031422 0.041829 0.053088 0.0651 0.074002 0.075688 0.075047 0.072521 0.069254 0.070573 0.083093 0.105722 0.136484 0.169989 0.201907 0.223274 0.234412 0.239644 0.243045 0.242171 0.240172 0.232494 0.214564 0.186998 0.157282 0.130752 0.113385 0.105973 0.106055 0.109178 0.114235 0.120556 0.12672 0.133642 0.143235 0.153216 0.160842 0.169772 0.181137 0.190669 0.195109 0.190869 0.177775 0.157788 0.139921 0.126114 0.121052 0.12364 0.12945
0.020661 0.017935 0.015578 0.013607 0.012265 0.011888 0.012234 0.012914 0.014097 0.015815 0.017778 0.02066 0.026025 0.035284 0.045553 0.057002 0.069585 0.079222 0.081683 0.081273 0.077897 0.072414 0.071479 0.081978 0.104551 0.137115 0.174164 0.208957 0.232114 0.24155 0.242783 0.241062 0.236342 0.231983 0.2242 0.208429 0.18429 0.157827 0.134333 0.120629 0.116928 0.12006 0.125603 0.131317 0.134899 0.135117 0.135272 0.138204 0.143272 0.149843 0.161486 0.176833 0.189386 0.196179 0.192762 0.178562 0.156375 0.137812 0.123946 0.118963 0.121507 0.12736 0.127338
0.017034 0.015644 0.014221 0.013131 0.013207 0.014311 0.016002 0.018425 0.021321 0.02389 0.026953 0.03207 0.040717 0.050497 0.061895 0.074666 0.084671 0.087646 0.087113 0.082582 0.075069 0.072173 0.080851 0.10363 0.137753 0.17722 0.213638 0.237848 0.245039 0.242341 0.236407 0.228733 0.222208 0.214319 0.200744 0.180174 0.157739 0.138802 0.130143 0.130882 0.137188 0.144831 0.150348 0.150687 0.145422 0.139956 0.137769 0.139462 0.145851 0.160131 0.17849 0.192038 0.199121 0.195292 0.179592 0.155651 0.136705 0.122613 0.116789 0.117626 0.121692 0.121651 0.120116
0.018452 0.017754 0.016674 0.016746 0.018079 0.020303 0.023625 0.027692 0.031001 0.034324 0.039047 0.046589 0.055207 0.065781 0.077859 0.087732 0.091248 0.090738 0.085324 0.076281 0.071274 0.077546 0.099622 0.1338 0.173522 0.210255 0.234851 0.239903 0.234287 0.226314 0.217528 0.210278 0.203457 0.193365 0.177457 0.160323 0.147164 0.143917 0.148107 0.155977 0.164046 0.168072 0.16507 0.155843 0.146909 0.141723 0.141546 0.148142 0.164126 0.184021 0.197168 0.203563 0.199493 0.18343 0.159251 0.140545 0.126114 0.118308 0.115867 0.116593 0.115664 0.115993 0.117108
0.023812 0.022703 0.022485 0.023589 0.025843 0.029573 0.034389 0.038179 0.041625 0.045751 0.051723 0.058689 0.067863 0.078492 0.087916 0.092296 0.092336 0.086782 0.077228 0.070125 0.073346 0.093549 0.12601 0.163874 0.199933 0.224691 0.227971 0.220547 0.211704 0.202311 0.194586 0.189498 0.183852 0.174346 0.164494 0.158423 0.160524 0.166527 0.173134 0.17882 0.179263 0.172149 0.160208 0.150333 0.144926 0.145521 0.153911 0.170997 0.190127 0.200517 0.20407 0.198654 0.182805 0.160931 0.144612 0.131209 0.122006 0.116739 0.114163 0.112306 0.114588 0.119894 0.127661
0.030395 0.029787 0.030309 0.032034 0.035438 0.040167 0.04366 0.046727 0.050043 0.05447 0.059857 0.067952 0.077274 0.086279 0.091491 0.092401 0.086896 0.077285 0.068259 0.068451 0.08602 0.115713 0.150479 0.185316 0.210153 0.212868 0.205443 0.197423 0.188477 0.181039 0.177841 0.176448 0.17332 0.170502 0.170338 0.175429 0.180083 0.181948 0.182295 0.178022 0.167946 0.156415 0.149561 0.147914 0.152283 0.163309 0.18008 0.195902 0.20182 0.201208 0.194555 0.180855 0.164169 0.151758 0.14044 0.130295 0.121994 0.115945 0.113013 0.116279 0.124629 0.136853 0.146622
0.037678 0.036903 0.037187 0.039239 0.043086 0.045933 0.048421 0.051124 0.054648 0.05896 0.066276 0.074777 0.083851 0.090097 0.092342 0.087502 0.07834 0.067481 0.064475 0.078383 0.104119 0.134691 0.167154 0.191483 0.194794 0.188901 0.182924 0.176087 0.170247 0.169143 0.171529 0.17414 0.177161 0.181059 0.186328 0.186886 0.181861 0.175194 0.166028 0.154991 0.146806 0.145262 0.149294 0.15841 0.171557 0.186296 0.197868 0.200261 0.197428 0.191911 0.183419 0.174019 0.165139 0.154411 0.141844 0.129313 0.119291 0.115052 0.118618 0.128853 0.143885 0.15474 0.164527
0.042325 0.040322 0.040238 0.042802 0.045289 0.047735 0.050573 0.054085 0.057821 0.064108 0.071586 0.080587 0.087781 0.091664 0.08856 0.080713 0.068512 0.062456 0.07219 0.093419 0.119665 0.149853 0.174055 0.179225 0.175557 0.171566 0.166427 0.161512 0.16129 0.166253 0.173673 0.181875 0.189238 0.194234 0.190755 0.179165 0.165588 0.151971 0.140601 0.136164 0.139836 0.149124 0.162507 0.176945 0.188324 0.194786 0.194938 0.191609 0.189545 0.189313 0.189861 0.185259 0.174953 0.159012 0.140766 0.125213 0.1181 0.12041 0.131113 0.14783 0.15976 0.171535 0.181953
0.041274 0.039492 0.040869 0.043001 0.045512 0.048886 0.05307 0.057048 0.062918 0.06989 0.078712 0.086298 0.091245 0.089799 0.083245 0.07029 0.061878 0.067689 0.084714 0.107186 0.135326 0.159758 0.168049 0.167426 0.165649 0.162061 0.157381 0.15623 0.161254 0.17103 0.182624 0.192606 0.197725 0.192148 0.176015 0.156672 0.138749 0.126265 0.123844 0.131144 0.14494 0.163285 0.180466 0.190262 0.193371 0.192744 0.18893 0.189819 0.197458 0.207295 0.206804 0.197588 0.1789 0.154748 0.133412 0.12282 0.122937 0.132882 0.150271 0.162664 0.175209 0.187466 0.195021
0.037027 0.037594 0.039772 0.042856 0.047472 0.053313 0.058512 0.064672 0.071484 0.079457 0.085922 0.09026 0.089152 0.082965 0.069874 0.060319 0.063258 0.077047 0.096628 0.122745 0.147424 0.15956 0.162737 0.164027 0.16275 0.158297 0.154978 0.157696 0.166491 0.17863 0.190106 0.195902 0.190821 0.17378 0.151587 0.130849 0.117483 0.115478 0.124328 0.140977 0.16319 0.182846 0.192533 0.194385 0.194178 0.190064 0.1933 0.20747 0.224342 0.22732 0.219998 0.199771 0.169954 0.142655 0.127511 0.123896 0.130863 0.14648 0.158577 0.171406 0.184401 0.192664 0.189678
0.033678 0.03639 0.040637 0.04715 0.055425 0.062537 0.069521 0.076793 0.084123 0.088987 0.092034 0.090705 0.084158 0.070686 0.060282 0.060833 0.071631 0.08866 0.112853 0.137489 0.152825 0.159553 0.163842 0.164885 0.160841 0.155397 0.155158 0.161364 0.172426 0.184698 0.192209 0.189723 0.174964 0.152807 0.1306 0.115663 0.112123 0.120015 0.137564 0.162467 0.184724 0.196047 0.19866 0.198879 0.193536 0.196895 0.214129 0.234652 0.2407 0.236424 0.217238 0.184963 0.154778 0.136995 0.130989 0.134705 0.146688 0.156096 0.166237 0.175957 0.181982 0.178763 0.169339
0.033637 0.038867 0.047151 0.057869 0.067248 0.075884 0.084582 0.091918 0.095312 0.096929 0.094871 0.087183 0.072778 0.061499 0.059912 0.068032 0.083161 0.106237 0.130736 0.148145 0.1574 0.163527 0.165541 0.161647 0.154952 0.152349 0.155953 0.16594 0.179471 0.190093 0.1922 0.182284 0.162418 0.139151 0.120652 0.112575 0.116943 0.133633 0.160834 0.187014 0.202611 0.207275 0.206333 0.196586 0.195598 0.210301 0.230671 0.240181 0.241505 0.227593 0.197967 0.169446 0.151941 0.145428 0.146347 0.154176 0.159631 0.16545 0.170119 0.172788 0.168978 0.158411 0.140121
