atributos_novos/Unit_A_Upper_InsPh_Mean.grd
DSAA 
487 821
667000 691300
7126000 7167000
106.2348 -78.3086
[rows 494 to 519 of 818, columns 120 to 179 of 487]
29.574909 32.220501 32.07563 29.977909 27.54763 25.908587 25.389029 26.43367 28.113003 29.049606 29.806751 29.711763 30.420959 31.605186 34.425606 38.374554 44.441322 50.437134 56.753555 61.730495 65.530609 67.239594 68.437599 68.85936 69.81002 71.017136 72.675171 73.933968 75.021049 75.543213 75.841774 75.651367 75.279518 74.900528 74.255028 73.024643 72.734344 73.163086 74.027794 75.605598 78.39843 80.868347 82.952415 84.120781 84.027397 82.989731 81.510109 79.774017 79.011909 79.796844 80.671677 81.840935 83.230606 83.912277 83.866943 83.780571 83.457481 83.004486 83.035706 83.18399
33.671665 33.82954 31.268972 27.836109 24.545967 22.096004 21.455238 22.240795 22.962284 24.284018 25.864967 28.562288 31.323124 35.151726 39.654011 45.36779 50.676712 56.392353 60.915092 64.251678 65.412483 65.870949 65.39389 65.559052 66.148834 67.815903 69.578003 71.637131 73.166687 74.490822 75.181549 75.40229 75.086372 74.1903 72.482254 71.396973 71.11834 71.56749 73.205559 76.203392 79.095955 81.548523 83.208061 83.444977 82.678017 81.391151 79.897713 79.050331 79.494179 80.269279 81.480927 82.984741 83.980804 84.348007 84.432137 84.12738 83.554588 83.322533 83.253639 83.399078
34.32251 30.819901 26.399645 21.670692 17.403519 15.34349 15.30856 16.043751 18.183903 21.867344 27.026083 31.858019 37.000801 42.327587 47.837444 52.423519 57.239094 60.822521 63.122791 63.1735 62.357216 60.711151 60.112225 60.265362 62.209225 64.836838 68.143921 70.827591 73.053253 74.49762 75.235359 74.98774 74.004578 72.287926 70.763817 69.905533 69.876907 71.138802 73.67067 76.262222 78.388161 79.975739 80.309937 79.767448 78.776939 77.805977 77.272903 77.728333 78.63369 80.114952 81.910576 83.323883 84.248039 84.653442 84.421814 83.807121 83.310112 82.888687 82.76606 82.844971
28.676291 23.438883 18.152052 13.133661 10.200131 9.560265 10.385911 13.100141 18.425362 26.05603 33.147678 39.619473 45.721783 51.012302 54.527813 57.804276 59.837284 60.546558 58.973591 56.545052 53.683945 52.535606 52.690186 55.488518 59.499622 64.433365 68.400818 71.431427 73.249115 74.214622 73.927391 72.879257 71.274048 69.629959 68.379646 67.918831 68.671577 70.505852 72.425217 73.817116 74.788094 74.786804 74.138321 73.307709 72.971237 73.078804 74.032738 75.576134 77.725639 80.037956 82.042206 83.54081 84.233139 84.014168 83.297134 82.532776 81.792564 81.475647 81.665192 81.865288
19.13937 13.876617 8.946195 5.731942 5.038805 6.117026 9.103628 15.140321 24.328861 32.793083 39.897789 46.366646 51.557594 54.134472 56.006786 56.815342 56.17868 53.045322 49.078705 45.11404 43.374008 43.893997 48.021103 53.95269 60.950611 66.614586 70.239113 72.017632 72.706123 71.950317 70.478539 68.963829 67.355423 65.83194 64.968567 65.16555 66.094818 67.081879 67.659294 67.887573 67.32428 66.456963 65.704437 65.831047 66.6008 68.281448 70.701759 73.739868 76.746216 79.383163 81.400345 82.236755 81.832886 80.844307 79.743286 78.751305 78.516159 79.271591 80.225822 81.325661
10.176702 5.552997 2.224091 1.551235 2.804293 5.840885 12.01259 21.769014 30.756804 37.90781 44.273609 49.140057 50.889942 51.537212 51.389782 49.665489 45.265099 40.130798 35.274586 32.802784 33.404629 38.532425 46.01841 54.894737 62.504097 67.49585 69.974327 70.889114 69.941826 67.891014 65.744171 63.465099 61.18932 59.604229 59.248318 59.609039 59.920403 59.787098 59.310741 57.997078 56.596008 55.806065 56.406452 57.907463 60.547276 64.017418 67.960899 71.629204 74.803612 77.195435 78.078712 77.363152 75.910172 74.347946 73.096657 73.148949 74.867767 77.130585 79.661491 81.758652
3.78073 1.039914 0.545522 1.732475 4.486658 9.899434 19.132565 27.621054 34.004753 39.380486 43.266872 43.926037 43.544117 42.782963 40.38401 35.236675 29.18416 23.295979 19.621796 19.766356 25.242781 33.924942 44.541267 54.371017 61.388824 65.450577 67.416924 67.038902 64.869728 62.100208 58.883438 55.401066 52.733437 51.640194 51.626354 51.764599 51.64402 50.923126 49.030556 46.892216 45.522636 45.787254 47.379913 50.70079 55.041367 59.815304 64.163338 67.812599 70.314049 71.053902 69.883919 67.898048 65.925621 64.650459 65.326378 68.436722 72.437881 76.808647 80.40612 82.842751
2.249396 2.006434 2.659426 4.536704 8.455548 16.071447 23.108549 28.165859 32.208172 34.7817 34.376537 33.291206 32.528442 29.983133 24.813234 18.365421 11.377185 5.951123 4.890674 9.848846 19.105 31.247936 43.257858 52.620457 58.629082 62.005344 62.705025 61.008186 57.966167 54.124676 49.683975 45.953697 44.208893 44.033432 44.390831 44.736816 44.156517 41.823078 38.840473 36.464466 35.703979 36.654221 39.941681 44.626514 49.794254 54.515949 58.431248 60.836689 61.308693 59.771393 57.301285 55.089485 54.181763 55.824963 60.448139 66.556198 73.041016 78.373207 81.954857 83.607178
4.572021 4.57684 5.467028 7.861506 13.211805 18.091024 21.457153 23.987247 25.060623 23.923115 22.82152 22.634081 20.695923 16.535488 10.44208 2.815912 -4.384725 -7.257857 -3.955986 4.804123 17.438917 31.133158 42.729137 50.907917 55.890842 57.894371 56.984158 54.08477 50.083954 45.239967 40.83374 38.548744 38.143944 38.458488 39.076523 38.741192 36.24297 32.709114 29.646347 27.806347 27.827612 30.387951 34.559021 39.185493 43.538136 47.037949 48.992855 49.071777 47.270195 44.593269 42.394539 42.113018 44.980007 51.296738 59.617168 68.386711 75.695946 80.606102 83.054504 83.870033
7.33396 7.173631 8.413385 11.775804 14.861316 16.958231 18.303164 17.830595 15.875065 14.665284 14.751101 13.287718 10.262095 4.751945 -3.324964 -12.094657 -17.308113 -16.611246 -9.485406 2.462269 16.673693 30.20628 40.679169 47.593685 51.470291 52.170933 50.085499 46.549503 41.943363 37.337868 34.666821 34.061905 34.187138 34.754398 34.430252 31.864502 27.889156 24.387247 21.806734 21.071661 22.771559 26.070662 29.626112 33.06115 35.701408 36.928165 36.673496 34.908298 32.398403 30.512705 31.005404 34.939644 42.543804 52.52076 63.070499 71.99263 78.112862 81.439079 82.68074 82.618484
10.684799 11.065387 12.946467 14.836918 16.119978 16.557446 14.638144 11.574265 9.638194 9.300406 7.808255 5.656219 0.787665 -7.418344 -17.355919 -24.68716 -26.829363 -22.098038 -11.978804 1.474125 15.394903 26.845343 35.158043 41.200829 44.293518 44.41412 42.976955 39.939991 35.916325 33.143639 32.227451 31.972279 32.209892 31.737385 29.287607 25.220564 21.374681 18.16803 16.682333 17.244188 19.279856 21.520903 23.81605 25.472961 26.068583 25.746822 24.383743 22.490343 21.347692 22.814827 27.634205 36.073872 47.043503 58.669594 68.573997 75.598671 79.684517 81.387123 81.650291 81.529388
16.771008 17.723881 18.892885 19.567318 19.265474 16.024693 11.806853 8.633204 7.184031 5.017455 3.265271 -0.841482 -8.468698 -18.580557 -27.244883 -31.909624 -30.153725 -22.887016 -11.476316 1.558402 12.808789 21.719233 29.333906 34.546501 37.038364 38.210094 37.510345 34.894791 32.66737 31.646328 31.008614 30.780439 29.997244 27.566977 23.589787 19.640963 16.001177 13.991252 13.55901 14.440411 15.455362 16.746077 17.485819 17.602804 17.266842 16.421785 15.286639 15.061191 17.461468 23.040186 31.979959 43.502815 55.686466 66.234535 73.898247 78.637596 80.685181 81.227531 81.219879 81.327835
25.617865 26.363998 26.385969 25.12015 20.463663 14.717807 9.823581 6.473448 3.154037 1.317589 -2.089602 -8.567902 -17.688276 -26.528112 -32.799423 -33.765961 -29.831322 -21.274652 -10.181921 0.040862 8.962554 17.622248 24.351927 28.758665 31.99184 33.186646 31.893415 30.347265 29.447395 28.748554 28.467482 27.777716 25.691046 22.142117 18.443106 14.719995 12.446435 11.46543 11.577567 11.748169 12.317567 12.388186 12.056713 11.667384 11.194531 10.794624 11.410641 14.67102 20.822796 30.140953 41.787029 54.165371 64.909241 72.991837 78.144112 80.487961 81.201134 81.373749 81.495071 81.585022
35.580597 35.110756 33.103371 27.367207 19.993217 12.984776 7.454969 2.281152 -0.538638 -3.55859 -8.875126 -16.578709 -24.682714 -31.510696 -34.700951 -33.982796 -28.909559 -20.622297 -12.227637 -3.799267 5.608741 13.841016 19.98443 24.94301 27.66131 27.53126 26.528257 25.972004 25.6663 25.618597 25.121649 23.494186 20.302679 16.665686 12.981714 10.536896 9.347268 9.261019 9.268895 9.7057 9.719681 9.261851 8.912029 8.774735 8.965232 10.364784 14.533693 21.258873 30.867462 42.482021 54.758114 65.1745 73.219719 78.444977 80.822037 81.433807 81.704987 81.759956 81.56768 81.865677
43.60659 40.952885 34.556694 26.091381 17.456306 10.08244 3.220819 -0.646637 -3.307138 -7.276806 -13.222331 -19.756207 -26.170403 -30.878368 -33.061466 -31.524717 -26.829794 -21.28388 -14.297678 -5.056621 4.006534 11.595315 18.210907 22.515726 23.790884 23.488682 23.274643 23.345585 23.3771 22.826178 21.46681 18.562143 14.765876 10.95946 8.347694 7.017214 6.974927 7.331159 8.173414 8.554703 8.343132 8.059278 8.016679 8.576082 10.616103 15.498191 22.870335 32.913074 44.503143 56.496365 66.438477 74.144844 79.175537 81.409256 81.798683 81.990875 81.884193 81.385063 81.349609 81.091194
47.619839 40.970093 32.121109 22.743641 14.238527 6.143129 1.305475 -1.233116 -4.06847 -8.173416 -12.753275 -17.892746 -22.879126 -26.664202 -27.659872 -25.821613 -22.801926 -17.708487 -9.849051 -1.395122 6.299827 13.294591 18.342991 20.870461 21.428514 21.556908 21.865313 21.9582 21.10376 19.567841 16.633673 12.763008 8.865422 6.261143 5.189547 5.630568 6.558363 7.963199 8.758976 8.626492 8.06973 7.76187 8.287593 10.592365 15.942308 23.929758 34.379627 45.939064 57.554436 66.96743 74.241295 79.046219 81.109421 81.287872 81.324387 80.799248 79.591972 78.911781 78.072433 76.171158
45.274151 36.844227 27.538624 18.671371 10.123682 4.659692 2.011815 -0.218514 -2.968072 -5.714572 -9.134767 -13.156967 -16.853195 -18.757521 -18.831272 -17.75153 -14.693198 -8.939784 -2.191995 4.71537 11.247466 16.536993 20.155811 21.765066 22.429415 22.94216 22.750704 21.072601 18.803688 15.305969 11.197226 7.447745 5.202618 4.744004 6.051149 7.764966 9.687474 10.790167 10.466108 9.360328 8.434858 8.519553 10.744523 16.349119 24.629244 35.24831 46.599918 57.511528 66.063667 72.782043 77.287743 79.289909 79.531425 79.606689 78.684914 76.802345 75.30497 73.701202 70.972275 67.812988
40.163052 31.825909 23.679298 15.526175 9.790619 7.047298 5.183682 3.035166 1.405949 -0.67433 -3.694554 -6.778472 -8.643946 -9.649647 -9.828411 -8.464205 -4.890993 -0.177734 5.532712 11.472672 17.06493 21.960142 24.956305 26.561558 27.468313 26.897333 24.247725 21.003281 16.54479 11.83692 8.239263 6.486963 6.677397 8.947639 11.512043 13.659806 14.565083 13.676306 11.639029 9.783892 9.203358 11.205279 16.852995 25.292465 35.876369 46.888039 56.913738 64.487808 70.455566 74.524452 76.45813 76.889458 76.94928 75.636703 73.056389 70.538864 67.971657 64.535675 60.651997 57.0867
33.906654 27.020969 20.159954 14.882351 12.226401 10.713098 8.961112 7.945554 6.776568 4.880491 2.922107 2.079801 1.271529 0.853123 1.163331 2.703908 4.860791 8.643616 13.1281 18.070553 23.334435 27.398472 29.7243 31.051741 30.65209 27.813055 24.12258 19.272018 14.480866 11.149343 10.092352 11.091809 14.337761 17.636202 19.823719 20.021486 18.083694 14.717548 11.643571 10.192086 11.739976 17.028774 25.17502 35.19371 45.452011 54.409382 61.17244 66.678001 70.631638 72.870903 73.908058 74.188011 72.582405 69.423576 65.838837 62.095634 57.807793 53.294895 49.065792 45.624149
28.591255 22.657883 17.626308 14.935509 13.522513 12.024129 11.185576 10.495446 9.585109 9.180346 10.211828 11.020731 11.81391 12.263471 12.459159 11.972452 13.016331 14.914772 17.975058 22.50923 27.250914 30.519306 32.838642 33.56974 31.646608 28.305832 23.762733 19.536547 16.961454 16.908857 18.954428 22.971148 26.494001 28.008942 26.683168 22.841288 17.718348 13.293332 10.85436 11.815078 16.734772 24.357555 33.546398 43.038029 51.195583 57.348392 62.667061 66.666588 69.20388 70.786545 71.350815 69.411217 65.58213 61.016403 56.046734 50.827007 45.933365 41.600101 38.075043 34.832996
23.56369 18.753447 15.959227 14.419475 12.962539 11.975657 11.274958 10.842878 11.615986 14.182695 16.56414 18.785706 20.023996 19.767105 17.669964 16.461317 16.07085 17.180258 20.552427 25.48185 29.834009 33.507057 35.764294 35.455887 33.276745 29.597298 26.163351 24.431984 25.238142 28.010532 32.323254 35.655704 36.205143 33.152035 27.292835 20.541525 15.000463 11.768513 12.27492 16.781633 23.671333 31.834908 40.519993 47.991005 53.742985 59.0019 63.096558 65.93367 68.107834 69.138107 67.433334 63.766846 58.86517 53.091202 47.230904 42.027298 37.328613 33.703037 30.607889 27.288095
18.80732 15.988414 14.402663 12.974786 11.719952 10.689643 10.199536 11.264793 14.356279 17.687401 20.960922 23.102674 23.077841 20.525679 17.888939 15.885089 15.272421 17.133099 21.434561 26.343786 31.130981 35.134838 37.218662 37.269466 35.397118 33.174744 32.073715 33.097858 35.789799 39.522007 42.061676 41.537125 36.873112 29.328381 21.407455 15.304562 11.810496 12.173586 16.335474 22.549158 29.701117 37.497871 44.593746 50.40976 55.843948 60.03973 63.084152 65.473404 66.660507 65.323509 62.236664 57.569817 51.563747 45.42218 39.918663 34.881779 31.091459 28.258558 25.337435 22.766853
14.843972 13.188317 11.929765 10.546722 9.310537 8.861988 10.067665 13.226892 17.032608 20.833565 23.543051 23.787024 21.166401 17.607756 14.488871 12.432625 12.748956 15.919906 20.560993 25.513683 30.420683 34.231571 36.399181 36.776497 36.531059 36.574314 38.106972 40.715797 43.474293 44.690655 43.108734 37.248562 28.555038 20.099672 14.016753 10.526532 10.798196 14.478504 19.882669 25.986052 32.918896 39.677887 45.768459 51.545422 55.728882 58.597584 60.790562 61.91003 60.925354 58.89394 55.476013 50.327232 44.605232 39.258625 34.043087 29.879961 27.197245 24.838593 22.862955 22.065041
12.337852 11.396612 10.064302 8.696162 8.04956 8.908674 11.57364 15.224706 18.860504 21.660822 22.078037 19.677874 15.777431 12.4197 9.917336 9.587648 12.060936 16.586529 21.482464 26.617819 31.190828 34.645336 36.549782 37.676414 38.571453 40.351223 42.550903 44.020226 43.776428 41.196819 34.675602 25.634727 17.398735 11.817785 8.546736 8.69628 11.755057 16.271839 21.388002 27.44025 33.669373 39.609814 45.137669 48.692791 50.823746 52.355446 53.265907 52.849655 52.35743 50.962887 47.681915 43.320225 38.862305 33.93935 29.627529 26.99465 25.021095 23.399399 23.072767 23.590899
12.245827 11.08235 9.729821 8.917782 9.140434 10.887369 13.64941 16.420971 18.752249 19.245966 17.336926 13.811044 11.027067 8.862372 8.410216 10.284348 14.384022 18.696562 23.379387 27.929104 31.933016 34.477917 36.12064 36.95578 38.062286 39.181149 39.446526 38.137749 35.351177 29.348606 21.166077 13.792543 8.958091 5.870759 5.784753 7.997495 11.481035 15.589361 20.668406 25.935951 31.244772 36.0569 38.670673 39.868019 40.705345 41.430737 41.88047 43.339977 44.551201 43.976341 41.822235 38.717583 34.277054 29.856611 26.92104 25.045921 23.686773 23.73971 24.803501 26.512741
13.335188 12.285939 11.455756 11.008629 11.82827 13.599993 15.362299 16.946959 17.28828 15.578162 12.41073 10.112388 8.272849 7.714084 8.986085 12.274917 15.628862 19.458696 23.498213 27.486732 30.169428 31.809616 32.199615 32.24448 31.958483 31.093954 29.179003 26.670189 21.91312 15.397753 9.284349 5.143558 2.182647 1.578023 2.765501 5.314994 8.794788 13.125019 17.682898 22.462637 26.494835 27.888645 27.962906 27.817068 27.974216 28.796089 31.684999 35.169811 37.227406 37.356709 35.831692 32.371273 28.01733 24.875126 23.097486 22.07419 22.423042 23.99474 25.877201 27.794239
