atributos_novos/Unit_B1_Lower_InsPh_Mean.grd
DSAA 
487 821
667000 691300
7126000 7167000
132.4077 -117.8419
[rows 598 to 623 of 818, columns 59 to 117 of 487]
-52.939186 -49.129978 -46.809269 -41.725666 -38.061676 -36.017845 -36.184486 -36.369656 -37.489998 -39.61697 -41.244091 -40.698124 -40.902111 -41.183083 -39.470715 -36.682415 -33.366726 -26.769688 -20.620323 -14.683662 -9.168968 -5.156351 -4.856225 -4.420574 -4.917115 -4.709693 -2.687495 3.092268 10.066469 15.823946 18.083929 16.362331 8.737116 -2.576992 -12.718102 -20.292799 -24.435135 -23.388962 -19.553604 -16.191954 -13.022927 -11.264359 -11.993521 -13.412705 -14.424028 -15.69293 -16.521111 -16.035149 -14.856125 -12.449122 -8.817601 -3.6763 1.611235 6.808323 10.011284 11.533654 10.519803 7.863791 4.102289
-50.946426 -47.579189 -41.546501 -37.151447 -34.746571 -35.412861 -36.762741 -39.261364 -42.024796 -43.828621 -42.678345 -42.134346 -41.39555 -39.37104 -36.442703 -33.370766 -26.421484 -20.04998 -13.316503 -7.452503 -3.286817 -3.160881 -2.887537 -4.006763 -3.894412 -1.676056 3.696893 9.596994 14.038696 14.380282 10.205583 0.540607 -11.729882 -22.057442 -29.277777 -32.616718 -30.503225 -25.885035 -22.321875 -18.88567 -16.511919 -16.582409 -17.336414 -17.02305 -16.955791 -16.480473 -14.710509 -12.352667 -9.181477 -5.021369 -0.087412 4.35175 8.341825 9.908964 9.558771 6.908676 3.020241 -1.609033 -5.287021
-49.017899 -41.554485 -36.22171 -33.51144 -34.478825 -36.836857 -40.528645 -43.513725 -45.140011 -43.396244 -42.229977 -40.805576 -38.828846 -36.069889 -33.392433 -26.198214 -19.555569 -12.073509 -5.908075 -1.552215 -1.355429 -1.018562 -2.571663 -2.393021 -0.174636 4.206568 8.35786 10.942178 8.925935 2.294129 -9.038119 -21.743418 -31.839806 -38.379051 -40.73967 -37.572037 -32.346844 -28.604782 -24.648941 -21.377632 -20.350704 -19.741365 -17.452864 -15.730726 -13.907409 -11.18665 -8.326909 -5.504298 -2.129575 1.4913 4.329334 6.58772 6.720515 5.113308 1.583788 -2.84168 -7.688496 -11.350719 -15.390198
-40.124084 -34.085842 -31.006262 -31.955009 -34.734409 -39.029392 -41.87484 -43.361275 -41.314911 -39.888699 -38.35165 -36.768204 -34.551975 -32.448029 -25.550592 -19.087023 -11.552457 -5.467958 -1.308498 -0.893199 -0.256226 -1.781855 -1.429596 0.699415 3.791811 5.99763 6.66785 2.807415 -5.28332 -17.062702 -29.322451 -38.864735 -44.925808 -46.783237 -43.360458 -37.847958 -33.398659 -28.271511 -23.716846 -21.22275 -19.352207 -16.037262 -13.590711 -11.211641 -8.365975 -5.558374 -3.285243 -0.907647 1.400991 2.957916 3.694725 2.688455 0.221386 -3.792542 -8.426805 -12.987005 -16.161724 -19.01557 -21.478954
-31.856611 -28.256117 -28.696468 -31.07815 -34.999935 -37.252289 -38.525925 -36.460114 -35.094193 -33.903175 -33.168949 -31.986994 -30.668875 -24.671852 -19.017298 -11.946435 -6.097113 -2.296489 -1.525081 -0.436474 -1.618937 -1.200086 0.524572 2.193143 2.63227 1.597417 -3.282679 -11.453391 -22.347176 -33.239891 -41.629185 -46.912724 -48.406864 -45.125824 -39.48753 -34.19648 -28.076956 -22.665834 -19.058237 -16.48065 -13.053815 -10.632066 -8.122139 -5.634295 -3.333346 -1.797849 -0.440523 0.481379 0.821247 0.336877 -1.452593 -4.422688 -8.502696 -12.85313 -16.865229 -19.568102 -21.298452 -22.187801 -22.988327
-26.550274 -26.190378 -27.589752 -30.49054 -31.834463 -32.594288 -30.657742 -29.446533 -28.617992 -28.639622 -28.380322 -27.56674 -22.750292 -18.290882 -12.150066 -6.948748 -3.822695 -2.651914 -1.105425 -1.96022 -1.713603 -0.783446 -0.731691 -1.849555 -4.010206 -8.857798 -15.927131 -24.981157 -34.051121 -41.17688 -45.731926 -46.708122 -43.455494 -37.475128 -31.092793 -24.145512 -18.497658 -14.32578 -11.626877 -8.687059 -6.681674 -4.553927 -2.954792 -1.59416 -1.204693 -1.230686 -1.695787 -2.456971 -3.877409 -5.987386 -8.723219 -11.943121 -15.168285 -17.852463 -19.714565 -20.441633 -20.536348 -20.679274 -21.221893
-24.972374 -24.962805 -26.37731 -26.644253 -26.703518 -24.997795 -24.061787 -23.647467 -24.224899 -24.522682 -23.685785 -19.840584 -16.391684 -11.013638 -6.435053 -3.981955 -2.441638 -0.587207 -1.434932 -1.790931 -2.083106 -3.668158 -6.188284 -9.218172 -13.695358 -19.306131 -26.496447 -33.83588 -39.605408 -43.114403 -43.196449 -39.271294 -32.360378 -24.535009 -16.698734 -10.834555 -6.490174 -4.02398 -2.088201 -1.167332 -0.288127 -0.26666 -0.40078 -1.497104 -2.996492 -4.55947 -5.969863 -7.836483 -9.687869 -11.703183 -13.876481 -15.960078 -17.487446 -18.831734 -18.849239 -18.505733 -18.573488 -19.156605 -19.451088
-22.662514 -22.3899 -21.626869 -21.202608 -19.969542 -19.508411 -19.698298 -20.79323 -21.389761 -20.225275 -17.113184 -14.372242 -9.673996 -5.743621 -3.95191 -2.216627 -0.327855 -1.318853 -2.362254 -3.949407 -6.914618 -10.546035 -14.005624 -17.735828 -21.561085 -26.69878 -32.035507 -36.151608 -38.25647 -37.086258 -32.172855 -24.133217 -14.92672 -6.51317 -0.826652 3.134216 4.628321 4.758651 3.955112 3.156741 1.463426 -0.078093 -2.30214 -4.774415 -6.989462 -8.701974 -10.672734 -12.179222 -13.54204 -14.937573 -16.127932 -16.643642 -17.309565 -16.576242 -15.791203 -15.965066 -17.137615 -17.747646 -20.032097
-20.300426 -18.82995 -18.045181 -17.139149 -17.017694 -17.478258 -18.641228 -19.042957 -17.491179 -14.6876 -12.204851 -7.84123 -4.393926 -2.833708 -1.129425 0.389835 -1.079136 -2.820727 -5.607206 -9.548361 -13.929233 -17.626644 -20.99045 -23.743832 -27.602829 -31.381618 -33.736782 -33.752815 -30.536228 -23.684053 -14.060492 -3.65112 4.888162 10.142279 13.276385 13.616633 11.82746 9.058781 6.185609 2.527833 -0.817782 -4.299326 -7.641961 -10.417567 -12.413168 -14.218886 -15.152778 -15.663615 -15.996422 -16.044632 -15.502553 -15.630361 -14.607083 -14.079191 -15.099445 -17.625206 -19.341623 -22.789667 -25.798037
-18.206182 -17.138107 -16.500698 -16.696989 -17.152386 -18.072363 -17.923138 -15.828607 -12.860788 -10.158489 -5.868334 -2.850918 -1.376079 0.154926 1.079943 -1.0729 -3.502528 -7.381164 -12.27758 -17.506617 -21.352509 -24.461294 -26.380302 -29.04907 -31.057827 -31.449591 -29.291901 -24.010008 -15.158264 -4.263938 6.818244 15.305952 20.219582 22.454449 21.745373 18.241095 13.383002 8.068826 2.22201 -3.160842 -8.008662 -12.121364 -15.214781 -17.204018 -18.553547 -18.796455 -18.30901 -17.417738 -16.303495 -14.640491 -13.908052 -12.412109 -12.003128 -13.633714 -17.463102 -20.700947 -25.593904 -29.473719 -31.023975
-17.627329 -16.942223 -17.239305 -17.500002 -18.151756 -17.660746 -15.342944 -12.145729 -9.082177 -4.741127 -1.874058 -0.183568 1.234493 1.50407 -1.257828 -4.425569 -9.461762 -15.452308 -21.583271 -25.689026 -28.732986 -30.004873 -31.400898 -31.434895 -29.657238 -25.138546 -17.770922 -7.202857 4.47696 15.664778 23.808308 28.175789 29.512827 27.854227 22.738943 15.778502 8.352009 0.460144 -6.777934 -12.650071 -17.067915 -20.128437 -21.641741 -22.160057 -21.521404 -20.172447 -18.499529 -16.709007 -14.586271 -13.349859 -11.548817 -10.983538 -12.577909 -16.459137 -20.362261 -25.710062 -30.015066 -31.985643 -32.66766
-17.962027 -17.795984 -17.524477 -17.752077 -17.150789 -15.084458 -12.070782 -9.043417 -5.043469 -2.425529 -0.492284 0.864004 0.758254 -2.356271 -6.151592 -12.246785 -19.372435 -26.648285 -31.08972 -34.072216 -34.688553 -34.534821 -32.249504 -28.129194 -21.311563 -12.134089 -0.625851 11.13836 21.622068 28.772697 32.190956 32.628925 29.953173 23.591356 15.195486 6.368019 -2.864252 -11.196941 -17.501978 -21.66464 -24.166887 -24.860239 -24.227823 -22.496157 -20.261889 -17.931307 -15.728748 -13.571359 -12.418016 -11.194753 -11.339344 -13.330709 -17.516075 -22.014778 -27.412212 -31.644999 -33.880466 -34.511913 -34.344772
-18.593819 -17.295122 -16.867199 -16.13089 -14.468316 -11.80457 -9.050794 -5.401903 -2.99931 -0.99432 0.113997 -0.442189 -3.959091 -8.487994 -15.441689 -23.579075 -31.762831 -36.729191 -39.696762 -39.755993 -37.970894 -33.505581 -27.038788 -18.224718 -7.862891 3.603665 14.413497 23.235477 28.798399 31.229925 31.198635 28.33478 21.817451 13.054088 3.537366 -6.465219 -15.360268 -21.630022 -25.108171 -26.56181 -26.140493 -24.369989 -21.77632 -19.062653 -16.539467 -14.379189 -12.726986 -12.322438 -12.247623 -13.611239 -16.441437 -21.0825 -25.945194 -31.187885 -35.156979 -37.428619 -37.708019 -36.332653 -34.9632
-15.970889 -15.144859 -14.569884 -13.464561 -11.612368 -9.51719 -6.39341 -4.168632 -2.226927 -1.246873 -2.01058 -5.712388 -10.957478 -18.755625 -27.873001 -36.77869 -42.240318 -45.003044 -44.149937 -40.379074 -33.64439 -24.951355 -14.670956 -3.956236 6.311921 15.089969 21.341583 24.81284 26.079557 25.81254 23.205448 17.521996 9.614973 0.583324 -9.087143 -17.44294 -23.034559 -25.602123 -25.867918 -24.412609 -21.981228 -19.221493 -16.776165 -14.993739 -13.760139 -13.227712 -13.902317 -15.078012 -17.494553 -20.901424 -25.689564 -30.535637 -35.36517 -38.965755 -41.244476 -41.287178 -39.144222 -36.6735 -33.468662
-12.830235 -12.593794 -12.108352 -11.204412 -9.885319 -7.376867 -5.296248 -3.365813 -2.448075 -3.339285 -7.089193 -12.975724 -21.723463 -31.706543 -40.965023 -46.890865 -49.447151 -47.67371 -42.084087 -33.602558 -23.087484 -11.770117 -1.09517 7.428602 13.910736 17.465153 18.884436 19.059296 18.918724 17.007254 12.725404 6.358686 -1.354242 -9.871881 -16.97571 -21.425161 -22.946875 -22.199808 -20.307772 -18.109356 -16.124081 -14.997017 -14.918087 -15.178203 -16.043114 -17.901489 -20.143194 -23.394848 -27.292665 -32.090759 -36.793976 -41.124683 -44.168404 -46.205856 -45.894089 -42.970402 -39.412903 -34.470573 -28.008564
-10.264427 -10.026338 -9.907834 -9.364395 -7.562133 -5.907429 -4.307927 -3.763753 -4.827548 -8.651323 -14.897047 -24.206816 -34.468922 -43.671925 -49.758381 -52.033653 -49.424736 -42.366383 -32.558689 -20.715406 -8.843595 1.318925 7.877592 12.073253 13.217582 12.963891 12.529396 12.789202 11.796038 9.187551 4.663917 -1.473901 -8.336745 -13.752965 -16.949179 -17.693214 -16.507269 -15.128578 -14.314241 -14.262733 -15.279104 -17.354952 -19.201397 -21.157763 -23.74962 -26.588779 -30.295315 -34.5574 -39.561214 -44.246208 -48.339874 -50.8797 -52.407066 -51.465252 -47.76646 -43.011116 -36.793442 -28.737637 -20.417036
-6.857353 -7.305039 -7.385594 -6.302263 -5.378396 -4.508456 -4.583512 -6.182028 -10.2067 -16.539995 -25.865297 -35.826805 -44.269737 -50.051098 -51.879917 -48.564655 -40.426201 -29.888157 -17.54047 -5.939783 3.136448 7.579195 9.642204 9.218847 8.35363 8.122621 9.279466 9.576979 8.570835 5.542706 0.771887 -4.59789 -8.633426 -11.039723 -11.595012 -10.737303 -10.684109 -12.15035 -14.721148 -18.386576 -22.954245 -26.491549 -29.244089 -32.131031 -34.834183 -38.108936 -42.000069 -46.537334 -50.646687 -54.241756 -56.160297 -56.966557 -55.630165 -51.778183 -46.506409 -39.94379 -31.789621 -23.039722 -15.1887
-4.504045 -5.114818 -4.738556 -4.636195 -4.420359 -4.97824 -6.952788 -11.004256 -17.039537 -26.020582 -35.329815 -42.737495 -47.793938 -48.997784 -45.142258 -36.456486 -25.916737 -14.015937 -3.559958 4.033701 6.660291 7.386723 6.509165 6.101736 6.752197 8.988292 10.464661 10.593148 8.621711 4.960196 0.596513 -2.885855 -5.413702 -6.833792 -7.520408 -9.468449 -13.462714 -18.616808 -24.593956 -31.00845 -35.64246 -38.581978 -41.110233 -43.190903 -45.606453 -48.687447 -52.218037 -55.139935 -57.508778 -58.152103 -57.76849 -56.028667 -52.46455 -47.441799 -41.499878 -34.469166 -26.530674 -19.053791 -12.537508
-2.089854 -2.389006 -3.224306 -3.777524 -4.857403 -7.225308 -11.198623 -16.546852 -24.669426 -32.89455 -39.056198 -43.109337 -43.622066 -39.534554 -31.056021 -21.375465 -10.879581 -2.425641 3.319832 4.471319 4.534852 4.003722 4.785889 6.692024 10.109196 12.735928 13.643211 12.190056 9.132327 5.117435 1.404844 -1.959791 -4.805689 -7.530587 -11.665924 -18.049204 -25.180975 -32.60247 -39.766388 -44.481289 -46.797829 -48.537437 -49.817471 -51.408279 -53.751953 -56.368912 -58.071785 -59.003918 -58.235184 -56.688801 -54.486317 -51.272072 -46.888748 -41.907845 -36.182209 -29.42362 -22.800068 -17.008018 -12.031368
0.340873 -1.498626 -3.026259 -4.764763 -7.470538 -11.228082 -15.656934 -22.208513 -28.839008 -33.611156 -36.407177 -36.000217 -32.063248 -24.418863 -16.157595 -7.903936 -2.292529 1.182395 0.941645 0.468392 0.5825 2.801931 6.243402 11.029799 14.967339 16.713543 15.885363 13.332824 9.330112 5.040697 0.57422 -4.017336 -8.882722 -14.769975 -22.661371 -30.721109 -38.312477 -45.166756 -49.550438 -51.402565 -52.823895 -53.976402 -55.34985 -57.278175 -59.17004 -59.712017 -59.316437 -57.328922 -54.877094 -52.347427 -49.628597 -45.945812 -41.883064 -37.388546 -31.85861 -26.21043 -21.331766 -16.655073 -11.732156
0.170798 -2.238517 -4.509711 -7.464147 -10.790073 -14.181269 -18.921246 -23.82235 -27.057392 -28.507544 -27.063513 -23.399574 -16.951387 -10.630341 -5.277531 -3.204623 -2.421693 -4.189355 -5.241296 -4.486532 -0.654768 4.604122 11.138711 16.820148 19.831448 19.795052 17.658712 13.482732 8.238015 2.336465 -4.010057 -10.766669 -18.01033 -26.443237 -34.159756 -40.806229 -46.543869 -50.203552 -51.763893 -53.434685 -55.095219 -56.928776 -58.986546 -60.595192 -60.35392 -59.0317 -56.061146 -52.826771 -49.8848 -47.398483 -44.2397 -40.900181 -37.349152 -32.977261 -28.428402 -24.404888 -19.997726 -14.467995 -8.687114
-1.849643 -4.367608 -7.183625 -9.819149 -12.237697 -15.535479 -18.91786 -20.860065 -21.038364 -18.608025 -15.177552 -10.217293 -6.162783 -3.973967 -5.387227 -7.137543 -10.067989 -11.612041 -10.478402 -5.524656 1.210118 9.296365 16.888355 21.509939 22.530279 20.829264 16.397099 10.133617 2.96469 -4.614896 -12.560875 -20.340633 -28.442186 -35.133629 -40.382973 -44.638653 -47.477295 -48.928425 -51.040199 -53.472118 -56.133896 -58.581558 -60.23098 -59.579006 -57.618816 -53.803284 -49.968647 -46.447937 -43.883881 -41.103622 -38.530148 -35.678608 -32.374687 -29.07332 -25.868807 -21.503826 -15.608152 -8.526113 1.165741
-5.025574 -7.668131 -9.576965 -11.203797 -13.293857 -15.223679 -15.885109 -14.892345 -11.741705 -8.663086 -5.330148 -3.495194 -4.31576 -8.123702 -11.162621 -14.313491 -15.873075 -14.170697 -8.94248 -2.002033 6.563725 15.21143 21.031258 23.048353 21.868483 17.679577 11.129583 3.42752 -4.427121 -12.41901 -20.213005 -27.632521 -33.288872 -37.393269 -40.514782 -42.760616 -44.313148 -46.8894 -50.073406 -53.677673 -56.67276 -58.828171 -58.509434 -56.619015 -52.631165 -48.681034 -44.666237 -41.780014 -39.099998 -36.94603 -34.409969 -31.863842 -29.412777 -26.712484 -22.36882 -16.342052 -8.484589 2.739763 15.139064
-8.37509 -9.703959 -10.9639 -12.317951 -13.265764 -12.826276 -10.864465 -7.05652 -4.179272 -2.096163 -2.131805 -5.29459 -10.446518 -13.927157 -16.791437 -18.033405 -15.63788 -10.392234 -3.494228 5.371475 14.72781 21.39229 24.088905 23.115696 18.8948 12.046461 4.015874 -3.688529 -11.255972 -18.682804 -25.158016 -29.985392 -33.576912 -36.300278 -38.605263 -40.854111 -44.028339 -47.738945 -51.870708 -55.01989 -57.332172 -57.38076 -55.837448 -52.017288 -48.134354 -43.898232 -40.708694 -38.013702 -36.293709 -34.362671 -32.562489 -30.88409 -28.496138 -24.113432 -17.787142 -9.243134 2.978242 16.535229 27.789492
-9.582874 -10.622424 -11.799173 -12.235008 -10.902087 -8.329616 -4.556998 -1.92747 -0.908246 -2.505322 -7.139735 -12.301849 -15.325907 -17.335508 -17.726753 -14.464149 -9.365032 -2.810528 5.996068 15.379477 22.183002 24.787308 23.246033 18.294479 10.864196 2.41911 -4.726219 -11.195657 -17.684036 -23.202137 -27.521656 -31.409683 -34.597301 -37.459602 -40.406708 -43.815517 -47.421505 -51.3092 -54.098644 -56.135586 -56.303623 -54.936401 -51.258896 -47.366402 -43.051979 -39.69463 -37.217777 -36.32135 -35.472057 -34.728081 -33.961632 -31.999214 -27.609751 -20.909536 -11.84998 0.6637 14.5974 26.941858 37.06879
-10.91537 -12.372462 -12.651126 -10.783442 -7.953526 -4.674315 -2.46593 -2.545511 -5.352289 -10.446882 -14.409451 -16.096663 -16.585552 -15.722786 -11.662615 -7.269602 -1.956242 5.712468 13.915714 19.632835 21.391191 18.994972 13.078217 5.259617 -3.137249 -9.223527 -14.068007 -18.826786 -23.235569 -27.296743 -31.985739 -36.206032 -40.112564 -43.7439 -47.040848 -49.98262 -52.910713 -54.659603 -55.777058 -55.53957 -53.871548 -50.134823 -46.270531 -42.125229 -38.944191 -37.08374 -37.216675 -37.61586 -37.931889 -37.809303 -36.067314 -31.673697 -24.580528 -15.204597 -3.129906 10.232408 22.561214 32.611671 37.687469
