atributos_novos/Unit_B1_Lower_Flatness_Mean.grd
DSAA 
487 821
667000 691300
7126000 7167000
0.57171 0.002088
[rows 476 to 503 of 818, columns 252 to 314 of 487]
0.217337 0.256798 0.281122 0.287278 0.275286 0.245105 0.214562 0.19458 0.191587 0.20717 0.234242 0.250565 0.25104 0.236101 0.205953 0.176543 0.162706 0.166771 0.194947 0.24763 0.301934 0.354787 0.402845 0.430924 0.437498 0.443489 0.449219 0.457079 0.466599 0.47067 0.459461 0.433377 0.40088 0.376769 0.362902 0.35982 0.358629 0.350254 0.3256 0.29951 0.276208 0.262184 0.253999 0.254579 0.253037 0.247926 0.242758 0.246435 0.254614 0.265319 0.274144 0.277497 0.275948 0.273351 0.274562 0.283218 0.298084 0.306898 0.311452 0.312343 0.307835 0.302518 0.309008
0.235435 0.264287 0.278217 0.274379 0.253985 0.230553 0.210998 0.203302 0.213613 0.236873 0.2546 0.260777 0.252474 0.226654 0.195711 0.172138 0.161943 0.175286 0.214586 0.261505 0.315441 0.369853 0.407051 0.424571 0.43962 0.450815 0.462691 0.473747 0.4785 0.468961 0.442469 0.406539 0.380288 0.362966 0.354147 0.349546 0.340806 0.316986 0.295909 0.282237 0.278422 0.279054 0.285669 0.284926 0.276496 0.2683 0.269139 0.274019 0.280834 0.283454 0.277799 0.268445 0.261576 0.262134 0.273559 0.293991 0.30924 0.319007 0.324907 0.325354 0.322237 0.327848 0.333982
0.251211 0.269059 0.272077 0.261079 0.244737 0.226809 0.215868 0.220526 0.23796 0.254845 0.264605 0.261273 0.239057 0.207944 0.177455 0.156165 0.157015 0.185332 0.225787 0.278893 0.335277 0.377043 0.398558 0.415121 0.425747 0.438515 0.45036 0.45965 0.458117 0.439606 0.408668 0.386232 0.368544 0.356069 0.348281 0.338811 0.316704 0.299906 0.292594 0.29479 0.299317 0.30729 0.306492 0.297341 0.290059 0.293089 0.298777 0.303679 0.300746 0.286229 0.267373 0.254074 0.251484 0.2628 0.285611 0.305193 0.3189 0.330046 0.336853 0.338069 0.344983 0.351658 0.348769
0.254631 0.262157 0.259241 0.249477 0.234392 0.222261 0.220411 0.22875 0.239953 0.249017 0.247996 0.230576 0.203767 0.173009 0.147498 0.141505 0.161967 0.196843 0.246827 0.300776 0.34216 0.361935 0.373438 0.378928 0.388521 0.399218 0.414648 0.425795 0.421471 0.403629 0.390659 0.37671 0.364209 0.356115 0.348018 0.330991 0.319134 0.314801 0.316979 0.318665 0.32187 0.317929 0.308524 0.303752 0.31082 0.31873 0.323518 0.318591 0.30124 0.278184 0.262336 0.25754 0.265366 0.283462 0.299889 0.309891 0.319768 0.329285 0.334518 0.344716 0.356791 0.357373 0.351138
0.246567 0.249995 0.246317 0.234675 0.223146 0.215995 0.214738 0.21804 0.223845 0.224378 0.212665 0.193314 0.167092 0.142506 0.132917 0.146474 0.174477 0.217381 0.264 0.300231 0.315186 0.320729 0.323198 0.332369 0.346024 0.370574 0.394735 0.403773 0.397559 0.390443 0.378421 0.367218 0.361059 0.357923 0.35051 0.345283 0.341836 0.339729 0.332857 0.325466 0.314839 0.303959 0.300978 0.310959 0.3202 0.324142 0.318131 0.301146 0.278966 0.26561 0.262832 0.269876 0.283982 0.296894 0.302552 0.309461 0.318919 0.326457 0.338962 0.356103 0.362615 0.361303 0.355488
0.231565 0.233776 0.227002 0.219037 0.210091 0.200925 0.195507 0.195163 0.193596 0.185292 0.174116 0.155788 0.136828 0.127592 0.136 0.154807 0.186135 0.221266 0.249943 0.260629 0.264644 0.268889 0.281456 0.300152 0.332151 0.36475 0.384237 0.387254 0.384132 0.374267 0.366449 0.363736 0.366058 0.367388 0.366501 0.35994 0.349124 0.331059 0.311401 0.293532 0.281231 0.278618 0.28868 0.298473 0.302366 0.297369 0.284994 0.269135 0.261756 0.263477 0.272674 0.285914 0.297205 0.301008 0.305932 0.314208 0.322184 0.335818 0.356264 0.36932 0.374706 0.374598 0.357944
0.210522 0.209821 0.208134 0.201937 0.189878 0.178609 0.172558 0.167889 0.161691 0.157821 0.148456 0.137475 0.131351 0.136839 0.146911 0.165391 0.187098 0.206621 0.212671 0.216737 0.224767 0.241608 0.264254 0.298152 0.330829 0.352725 0.360484 0.359107 0.352808 0.352257 0.356388 0.364109 0.373315 0.375744 0.364769 0.345269 0.318379 0.2887 0.265219 0.252455 0.250251 0.259889 0.271216 0.27795 0.277865 0.273653 0.266094 0.26452 0.268514 0.276683 0.286209 0.294357 0.295993 0.298936 0.306425 0.316143 0.332408 0.357257 0.378465 0.392449 0.399039 0.389343 0.363969
0.18131 0.187195 0.187453 0.178496 0.166217 0.157225 0.151084 0.148049 0.151445 0.151213 0.148908 0.146811 0.148845 0.148869 0.153108 0.160217 0.169714 0.173591 0.181832 0.197581 0.220877 0.246861 0.276765 0.301312 0.316576 0.321312 0.317823 0.315323 0.322717 0.334949 0.348866 0.364506 0.369351 0.357379 0.334906 0.306791 0.276142 0.253516 0.241421 0.238163 0.243826 0.252287 0.258986 0.263258 0.267025 0.267935 0.271977 0.277079 0.282482 0.287333 0.292383 0.292454 0.294339 0.302349 0.314383 0.332526 0.360422 0.388429 0.408949 0.420718 0.417869 0.3993 0.374491
0.165415 0.173879 0.172391 0.164224 0.156179 0.151031 0.151272 0.160618 0.168062 0.173693 0.175428 0.175359 0.166668 0.157554 0.15044 0.149642 0.150809 0.164037 0.188335 0.219162 0.24828 0.271055 0.28159 0.283724 0.279142 0.269871 0.269407 0.283535 0.301982 0.318864 0.337239 0.344113 0.334292 0.315705 0.295929 0.273048 0.255914 0.245994 0.240805 0.239261 0.241793 0.246746 0.253197 0.26176 0.269739 0.278049 0.282499 0.284873 0.286412 0.289386 0.290003 0.294162 0.305233 0.32124 0.341811 0.371686 0.404242 0.429593 0.44426 0.446344 0.433853 0.412333 0.388316
0.162107 0.169824 0.167776 0.161468 0.156867 0.159257 0.171794 0.184691 0.197333 0.20383 0.204491 0.192055 0.174988 0.158205 0.150002 0.147716 0.162871 0.190638 0.223692 0.249958 0.261692 0.255903 0.244958 0.232449 0.221457 0.225752 0.246777 0.268285 0.28328 0.298616 0.304691 0.297949 0.287998 0.283584 0.275806 0.268916 0.263862 0.258402 0.249867 0.245246 0.247622 0.25486 0.26472 0.276848 0.28896 0.292884 0.29271 0.29313 0.295146 0.295338 0.301047 0.314626 0.333697 0.356084 0.386916 0.421181 0.448307 0.462865 0.466458 0.456644 0.438037 0.417149 0.402391
0.168724 0.174584 0.171683 0.16863 0.173325 0.187839 0.204477 0.222891 0.234419 0.237698 0.225089 0.20436 0.181473 0.167231 0.158778 0.169524 0.193578 0.221982 0.240892 0.242356 0.225184 0.20616 0.190881 0.18189 0.191324 0.216232 0.236629 0.246014 0.255615 0.260733 0.259411 0.261486 0.274819 0.284802 0.289128 0.28949 0.286467 0.274776 0.264626 0.264473 0.271354 0.279006 0.291607 0.30613 0.310079 0.307746 0.306732 0.305798 0.302181 0.306708 0.321516 0.343416 0.36829 0.400026 0.433313 0.458011 0.468565 0.470899 0.462818 0.448611 0.433499 0.424811 0.413945
0.177616 0.17926 0.178978 0.186614 0.203137 0.223093 0.2459 0.261234 0.267136 0.256145 0.23399 0.207223 0.188277 0.172801 0.175425 0.191749 0.212603 0.223615 0.21862 0.197038 0.176323 0.162318 0.157543 0.171899 0.198147 0.215796 0.220762 0.226147 0.231073 0.236347 0.24963 0.276725 0.30032 0.312565 0.31617 0.315775 0.303776 0.290524 0.288315 0.293413 0.296852 0.307493 0.323373 0.328244 0.325678 0.324262 0.319986 0.310574 0.311713 0.326064 0.349159 0.375561 0.40747 0.437786 0.456324 0.460144 0.459525 0.452605 0.443716 0.437204 0.436425 0.427905 0.415936
0.1825 0.1855 0.195951 0.213958 0.235969 0.261528 0.279265 0.288196 0.281465 0.261783 0.235081 0.214073 0.191366 0.182635 0.18635 0.195474 0.197484 0.189093 0.168762 0.152769 0.145257 0.147306 0.166481 0.193241 0.207669 0.209054 0.211598 0.216908 0.226366 0.247021 0.28203 0.313045 0.32872 0.334822 0.336643 0.325468 0.310539 0.306538 0.308749 0.308066 0.317143 0.335831 0.344707 0.345327 0.345608 0.337947 0.3212 0.316261 0.327076 0.349007 0.37691 0.409918 0.438277 0.451984 0.449846 0.445336 0.437832 0.432004 0.430567 0.435216 0.428496 0.415932 0.392574
0.190111 0.202283 0.219247 0.239391 0.263345 0.279433 0.287743 0.284817 0.270157 0.24778 0.229591 0.205189 0.187689 0.178675 0.174621 0.166713 0.155757 0.139972 0.132475 0.134645 0.145675 0.170272 0.197615 0.210628 0.211851 0.21425 0.220291 0.23209 0.255141 0.290655 0.322463 0.338057 0.34472 0.347993 0.338845 0.323318 0.316672 0.315534 0.31126 0.318092 0.339741 0.355286 0.361689 0.366521 0.359229 0.337626 0.326472 0.33252 0.350227 0.37624 0.407174 0.430871 0.437852 0.429492 0.4203 0.411565 0.408752 0.41315 0.423999 0.421129 0.410355 0.38626 0.359227
0.212465 0.228385 0.2454 0.265495 0.27747 0.281815 0.278854 0.266592 0.247256 0.232332 0.210204 0.187946 0.169789 0.15504 0.138996 0.126074 0.116403 0.1176 0.129495 0.14899 0.178027 0.205367 0.2194 0.223355 0.227557 0.235053 0.248417 0.270605 0.301829 0.330461 0.343879 0.349875 0.354236 0.349368 0.336228 0.32816 0.323209 0.314841 0.315928 0.334651 0.352749 0.363799 0.372751 0.368229 0.347226 0.334388 0.338999 0.353667 0.3772 0.404311 0.421084 0.417867 0.401915 0.387393 0.37728 0.377621 0.389755 0.408834 0.412833 0.406203 0.384685 0.357762 0.328844
0.239631 0.25319 0.268536 0.275134 0.273993 0.268965 0.256974 0.238826 0.226805 0.209359 0.186779 0.164251 0.143389 0.121603 0.106096 0.099478 0.105893 0.124081 0.149828 0.182132 0.210602 0.227916 0.236701 0.244682 0.254527 0.268542 0.288425 0.314106 0.33791 0.349284 0.355482 0.3606 0.359296 0.348684 0.339349 0.330208 0.318074 0.313339 0.327272 0.34574 0.36137 0.375779 0.377308 0.3623 0.352285 0.357265 0.368924 0.389202 0.411939 0.421633 0.409208 0.387908 0.368809 0.355382 0.356852 0.374707 0.399794 0.410733 0.410501 0.393847 0.368707 0.338096 0.324772
0.259856 0.271009 0.272771 0.266842 0.259607 0.24804 0.231061 0.222479 0.21157 0.192579 0.169181 0.145107 0.118811 0.099144 0.091418 0.098624 0.118908 0.147361 0.179787 0.207805 0.226719 0.238257 0.248484 0.261127 0.27595 0.294998 0.317757 0.338829 0.349383 0.357229 0.363706 0.364837 0.356273 0.346045 0.332994 0.316342 0.305793 0.313509 0.330432 0.349714 0.370726 0.38053 0.37569 0.371906 0.379018 0.388928 0.406978 0.426292 0.431296 0.413319 0.389128 0.365929 0.347136 0.345572 0.364205 0.391271 0.407822 0.415528 0.407707 0.388678 0.360688 0.346051 0.340832
0.272605 0.271287 0.262388 0.253432 0.241894 0.225809 0.220304 0.21658 0.204341 0.184841 0.161603 0.133108 0.109375 0.097647 0.10076 0.11787 0.14483 0.17415 0.200058 0.21976 0.233276 0.244302 0.258352 0.273087 0.290439 0.310952 0.331034 0.343164 0.355204 0.367058 0.373779 0.36997 0.360807 0.344485 0.321634 0.302546 0.299842 0.310354 0.32877 0.35311 0.370186 0.376897 0.381599 0.393532 0.405192 0.423425 0.440849 0.443752 0.423326 0.398067 0.372032 0.348528 0.342732 0.359606 0.385088 0.404658 0.418967 0.419977 0.408512 0.387293 0.374403 0.367361 0.363444
0.273506 0.264941 0.255614 0.243797 0.22756 0.222893 0.223642 0.218178 0.205516 0.187298 0.160432 0.135095 0.118746 0.114409 0.123426 0.143905 0.166278 0.187898 0.20679 0.221133 0.231793 0.245364 0.257995 0.272747 0.291546 0.312584 0.329203 0.34898 0.369827 0.38455 0.386892 0.380651 0.362409 0.334346 0.308591 0.296832 0.30015 0.315795 0.33973 0.358539 0.371622 0.380929 0.395695 0.410051 0.431606 0.451573 0.458279 0.44038 0.41739 0.390965 0.364305 0.35396 0.36717 0.387645 0.405666 0.421784 0.426538 0.419757 0.405271 0.395549 0.388772 0.382517 0.371587
0.26451 0.258696 0.249796 0.235929 0.232518 0.235945 0.236324 0.230677 0.219995 0.198797 0.175176 0.154667 0.14179 0.138282 0.145975 0.156512 0.170899 0.186624 0.201002 0.212107 0.225065 0.234501 0.245513 0.262338 0.284149 0.305721 0.333974 0.363404 0.383579 0.389437 0.38493 0.365734 0.336043 0.309994 0.296075 0.297193 0.312719 0.336829 0.355936 0.371478 0.381164 0.393778 0.407064 0.429915 0.453346 0.467349 0.458596 0.443826 0.421424 0.394701 0.380705 0.388039 0.401084 0.414564 0.42835 0.432248 0.426961 0.416856 0.410008 0.406116 0.402816 0.392267 0.375155
0.260529 0.258689 0.251096 0.250266 0.255361 0.259373 0.25848 0.253911 0.239712 0.220568 0.198512 0.178898 0.16255 0.155254 0.151045 0.155349 0.165366 0.178577 0.188943 0.200058 0.205284 0.211361 0.22439 0.245558 0.271088 0.306518 0.343609 0.369742 0.380556 0.379421 0.362422 0.334754 0.310858 0.297178 0.297224 0.311417 0.333877 0.352307 0.3673 0.374872 0.38427 0.395268 0.417026 0.443381 0.466132 0.468568 0.463618 0.447055 0.421941 0.403796 0.403655 0.408565 0.41735 0.428253 0.431685 0.428192 0.422222 0.417552 0.416032 0.415144 0.405942 0.38827 0.358899
0.262844 0.263511 0.265417 0.270793 0.276109 0.2784 0.279351 0.273524 0.262426 0.243266 0.220939 0.194331 0.173172 0.154394 0.148142 0.151615 0.163213 0.172861 0.180864 0.180508 0.180254 0.187607 0.206163 0.234583 0.275978 0.318933 0.350998 0.367299 0.370376 0.357318 0.335691 0.316934 0.306765 0.308141 0.321786 0.341378 0.357718 0.3694 0.372942 0.378092 0.385335 0.403509 0.430575 0.459424 0.471168 0.475822 0.466758 0.445943 0.426389 0.419572 0.416183 0.419318 0.425557 0.426187 0.423826 0.421321 0.418443 0.419046 0.421955 0.416658 0.402397 0.376125 0.35048
0.265955 0.272711 0.279803 0.286571 0.29049 0.295359 0.296204 0.292679 0.277703 0.255464 0.221694 0.189029 0.157854 0.143016 0.140893 0.151067 0.161807 0.16872 0.163293 0.157088 0.158451 0.172017 0.199372 0.242506 0.286749 0.321295 0.341768 0.35012 0.343858 0.332854 0.3243 0.322313 0.328676 0.344905 0.363554 0.378669 0.386513 0.385063 0.383645 0.383492 0.393774 0.417895 0.448733 0.466623 0.479322 0.477599 0.460911 0.440812 0.429069 0.420136 0.418925 0.421774 0.420492 0.418463 0.416285 0.413879 0.415734 0.422046 0.421676 0.413253 0.392545 0.368306 0.345984
0.275388 0.285729 0.294806 0.300337 0.30796 0.313242 0.315056 0.302897 0.280511 0.241145 0.199684 0.159039 0.137888 0.131881 0.141302 0.153729 0.161294 0.15283 0.141922 0.138114 0.146471 0.170984 0.21354 0.257394 0.292997 0.317067 0.330278 0.330461 0.329108 0.329421 0.333777 0.343639 0.361854 0.380361 0.396371 0.403731 0.401385 0.395661 0.388629 0.389619 0.407113 0.434575 0.455656 0.474559 0.479421 0.467022 0.447474 0.43122 0.417773 0.413201 0.414102 0.412831 0.412547 0.411267 0.410455 0.415259 0.426435 0.43279 0.432682 0.419904 0.397876 0.372202 0.351502
0.283183 0.294565 0.301902 0.310482 0.316945 0.321038 0.3103 0.287553 0.246509 0.202525 0.158402 0.135281 0.128254 0.137677 0.151326 0.159824 0.149574 0.135403 0.127444 0.131052 0.152367 0.193851 0.237918 0.275214 0.30326 0.321495 0.32772 0.334162 0.341977 0.352187 0.364294 0.381997 0.397735 0.411242 0.41577 0.412458 0.405075 0.395382 0.390732 0.401963 0.424599 0.445765 0.466845 0.475794 0.467191 0.448096 0.427925 0.409665 0.400329 0.397964 0.396194 0.397046 0.397471 0.399291 0.407513 0.422634 0.434738 0.441528 0.436822 0.418391 0.392534 0.36758 0.342434
0.285446 0.297378 0.3089 0.316404 0.320319 0.308065 0.282547 0.240291 0.196007 0.152915 0.131738 0.126944 0.138211 0.154772 0.165561 0.155695 0.139757 0.128814 0.128303 0.145589 0.184619 0.228135 0.26559 0.295168 0.317344 0.328615 0.341412 0.356622 0.373036 0.386433 0.401519 0.411807 0.418722 0.418124 0.414055 0.407531 0.399734 0.39486 0.40247 0.420441 0.440454 0.461832 0.473905 0.469663 0.451918 0.428179 0.40355 0.385864 0.376175 0.370513 0.370893 0.373788 0.380321 0.39327 0.41276 0.429497 0.440429 0.441383 0.427903 0.405338 0.381346 0.356111 0.331592
0.292321 0.307673 0.315304 0.316064 0.298287 0.266466 0.222017 0.178277 0.138631 0.121765 0.121242 0.135679 0.155925 0.170889 0.164462 0.149283 0.137217 0.134383 0.147976 0.183549 0.226254 0.262733 0.291369 0.315009 0.329829 0.346308 0.367213 0.388835 0.402487 0.413614 0.417836 0.417676 0.412519 0.409194 0.405205 0.401318 0.397931 0.402444 0.41514 0.432766 0.452812 0.467035 0.467104 0.451261 0.425475 0.395681 0.369015 0.349865 0.337563 0.333356 0.334737 0.34308 0.359186 0.381586 0.402496 0.41797 0.425975 0.420123 0.404786 0.386106 0.365178 0.340897 0.323929
0.30118 0.3097 0.307903 0.285119 0.247755 0.203281 0.162531 0.127723 0.114066 0.115972 0.131501 0.152691 0.170484 0.170272 0.159076 0.148147 0.145327 0.157439 0.189833 0.232012 0.2684 0.296011 0.319615 0.336118 0.353027 0.375499 0.399213 0.41096 0.41624 0.414169 0.40718 0.397903 0.396725 0.398393 0.40148 0.403434 0.407746 0.415602 0.428904 0.445714 0.460131 0.464157 0.4523 0.427357 0.39404 0.35904 0.329087 0.307225 0.295427 0.29275 0.300045 0.316915 0.33961 0.362058 0.380788 0.395219 0.39759 0.391232 0.379738 0.364662 0.343794 0.329447 0.32114
