atributos_novos/Unit_B1_Lower_Flatness_Mean.grd
DSAA 
487 821
667000 691300
7126000 7167000
0.57171 0.002088
[rows 532 to 559 of 818, columns 315 to 377 of 487]
0.281743 0.277564 0.27226 0.261859 0.244765 0.224237 0.198771 0.173435 0.153465 0.145668 0.146144 0.155327 0.169356 0.184103 0.192618 0.197914 0.197996 0.198864 0.204206 0.21668 0.234788 0.253626 0.264328 0.26677 0.25951 0.241633 0.224408 0.214138 0.201621 0.19305 0.19951 0.218015 0.241949 0.271422 0.29936 0.314539 0.311258 0.295528 0.283109 0.277056 0.277409 0.289394 0.310511 0.328581 0.33974 0.339174 0.322072 0.290007 0.246818 0.20169 0.169928 0.156421 0.158111 0.172505 0.193176 0.20951 0.219574 0.225508 0.226699 0.221532 0.214004 0.204001 0.191522
0.25897 0.246703 0.23331 0.217531 0.201523 0.182421 0.165088 0.153128 0.151871 0.15771 0.170999 0.18668 0.200419 0.204728 0.201897 0.19219 0.183723 0.180642 0.186726 0.201234 0.219026 0.230639 0.236404 0.23392 0.222542 0.211385 0.205039 0.192573 0.182359 0.184897 0.198639 0.22026 0.251433 0.282135 0.300933 0.302125 0.288198 0.274116 0.266317 0.265085 0.273747 0.292776 0.311108 0.324033 0.326411 0.315016 0.287634 0.246245 0.197456 0.158866 0.137742 0.133768 0.145431 0.168049 0.188322 0.20148 0.210092 0.213562 0.210281 0.205424 0.19959 0.191451 0.182712
0.224705 0.210355 0.19646 0.183845 0.16859 0.155679 0.148139 0.150453 0.160164 0.1769 0.195226 0.2104 0.21386 0.206492 0.19069 0.174293 0.161977 0.159115 0.166051 0.1785 0.189141 0.199004 0.203827 0.202737 0.201341 0.20097 0.188933 0.176643 0.173786 0.180872 0.197939 0.228728 0.260775 0.282519 0.287931 0.277293 0.263767 0.255262 0.253247 0.259515 0.275496 0.290831 0.301678 0.302566 0.292449 0.267616 0.229652 0.181966 0.142065 0.117456 0.10953 0.11727 0.137798 0.158056 0.172696 0.184131 0.191345 0.192618 0.192454 0.191199 0.186893 0.181629 0.177838
0.19652 0.183727 0.171748 0.156825 0.144357 0.137828 0.141375 0.153472 0.173097 0.194767 0.212697 0.217487 0.208921 0.190034 0.167228 0.146389 0.134224 0.132016 0.137594 0.14729 0.162482 0.176965 0.189013 0.199675 0.206567 0.196107 0.18154 0.171636 0.16962 0.178492 0.203972 0.233347 0.256224 0.266407 0.262476 0.254382 0.24991 0.250697 0.25744 0.270465 0.280555 0.284894 0.278338 0.261722 0.233794 0.197185 0.152678 0.116088 0.093342 0.085225 0.090368 0.107783 0.126426 0.142041 0.156403 0.168219 0.175004 0.179469 0.181011 0.178832 0.174906 0.171577 0.167617
0.181982 0.169024 0.151725 0.135996 0.126465 0.127899 0.139961 0.161324 0.186877 0.209401 0.218099 0.21143 0.192245 0.165159 0.137415 0.117103 0.106406 0.105758 0.11471 0.13526 0.159715 0.184779 0.20677 0.220931 0.213097 0.196964 0.18112 0.17114 0.171295 0.189183 0.213163 0.23407 0.246771 0.249991 0.249464 0.251449 0.257739 0.267515 0.277694 0.280586 0.275393 0.258022 0.230316 0.196279 0.160207 0.121052 0.090955 0.074129 0.069031 0.073922 0.089031 0.106321 0.12347 0.141526 0.158576 0.170963 0.179878 0.183436 0.182053 0.177392 0.17209 0.16555 0.157853
0.171287 0.148519 0.126831 0.112136 0.109638 0.119772 0.140993 0.168935 0.195674 0.209634 0.20819 0.192842 0.165816 0.135005 0.109754 0.093316 0.088466 0.097197 0.121915 0.153325 0.186483 0.215206 0.234295 0.229817 0.215358 0.198785 0.185731 0.180248 0.19135 0.209093 0.225819 0.238642 0.24685 0.252571 0.259986 0.271719 0.285682 0.295499 0.293721 0.28167 0.255766 0.217703 0.176632 0.139473 0.103751 0.077639 0.064453 0.060307 0.063072 0.074482 0.090493 0.110563 0.134773 0.160361 0.181805 0.197299 0.203215 0.201356 0.192902 0.181354 0.168222 0.15486 0.140648
0.147157 0.119967 0.100292 0.093125 0.099397 0.117594 0.144099 0.170981 0.187793 0.191534 0.181495 0.157718 0.128639 0.104075 0.087764 0.084401 0.097 0.126649 0.162254 0.197975 0.226753 0.245243 0.242163 0.230766 0.217206 0.205685 0.198482 0.204632 0.216247 0.228106 0.240259 0.252514 0.264034 0.276806 0.294065 0.313179 0.325217 0.322375 0.307489 0.277221 0.231679 0.18438 0.144818 0.109919 0.083804 0.069817 0.062542 0.060055 0.065496 0.079119 0.101676 0.131936 0.166535 0.198058 0.221209 0.230651 0.229291 0.216882 0.19774 0.176381 0.15623 0.135832 0.120665
0.111147 0.088794 0.077828 0.079775 0.093658 0.116724 0.141786 0.160147 0.168385 0.163701 0.144594 0.119428 0.098169 0.085584 0.088207 0.107912 0.14347 0.182809 0.218573 0.242483 0.255768 0.251834 0.242065 0.231536 0.223249 0.216239 0.217971 0.223958 0.231646 0.243665 0.259875 0.27737 0.295463 0.317376 0.341177 0.356926 0.356698 0.344323 0.316267 0.269342 0.220151 0.179439 0.143734 0.114364 0.095839 0.081526 0.070798 0.06841 0.077937 0.100642 0.134289 0.17504 0.214193 0.243896 0.25747 0.258478 0.244605 0.220159 0.191985 0.166202 0.141296 0.123884 0.115989
0.077399 0.064176 0.062743 0.072563 0.091485 0.113928 0.132743 0.143944 0.143809 0.130119 0.109942 0.09348 0.086773 0.097314 0.124537 0.165376 0.206718 0.240085 0.256927 0.263958 0.258528 0.250875 0.244969 0.241413 0.235654 0.234026 0.234692 0.237054 0.247016 0.264582 0.285495 0.306363 0.331075 0.358157 0.377489 0.381444 0.375509 0.355607 0.314793 0.271062 0.234601 0.200525 0.167361 0.141942 0.117277 0.094966 0.081568 0.084001 0.103249 0.136431 0.179116 0.222529 0.257016 0.274961 0.27934 0.266576 0.240258 0.208557 0.17986 0.154189 0.137889 0.132481 0.13286
0.055752 0.052563 0.058641 0.072637 0.091137 0.108537 0.120942 0.124312 0.116119 0.101595 0.090848 0.09085 0.10932 0.144072 0.190761 0.234298 0.265733 0.277083 0.278301 0.269303 0.261986 0.25852 0.256948 0.250694 0.24571 0.241005 0.238175 0.245571 0.262838 0.284926 0.306423 0.331515 0.359273 0.380519 0.388925 0.390958 0.382137 0.35293 0.320563 0.292886 0.263128 0.227307 0.194304 0.158324 0.123245 0.097404 0.090767 0.103544 0.131883 0.170875 0.21343 0.248775 0.268623 0.275857 0.26663 0.242538 0.212302 0.186392 0.165608 0.154848 0.154793 0.159433 0.162202
0.048004 0.050531 0.059533 0.073403 0.087878 0.099292 0.104294 0.100554 0.091453 0.086063 0.091894 0.116708 0.157607 0.209991 0.257135 0.289823 0.299801 0.297624 0.284323 0.274727 0.269734 0.26597 0.256468 0.247054 0.236384 0.228373 0.232988 0.249885 0.272885 0.295656 0.321684 0.35005 0.372462 0.385599 0.395701 0.397905 0.381632 0.362268 0.344109 0.319314 0.281985 0.242043 0.195921 0.149692 0.112617 0.096682 0.101304 0.121536 0.152387 0.189279 0.22222 0.243547 0.255895 0.254588 0.238684 0.215723 0.195962 0.180689 0.174465 0.177248 0.183179 0.186976 0.184636
0.047386 0.052704 0.063294 0.075144 0.084529 0.089396 0.087819 0.081495 0.078187 0.085863 0.112212 0.154586 0.209198 0.259138 0.295411 0.309301 0.309272 0.295664 0.285556 0.278386 0.269974 0.255302 0.240657 0.223674 0.210804 0.212751 0.228983 0.252835 0.277343 0.304102 0.332402 0.354521 0.369943 0.385426 0.396176 0.390951 0.383323 0.374485 0.355533 0.319749 0.277546 0.226984 0.17477 0.130429 0.107315 0.10429 0.115695 0.13675 0.165438 0.193147 0.213736 0.229486 0.236073 0.230957 0.218981 0.208142 0.200063 0.198932 0.202739 0.206797 0.208778 0.204729 0.195028
0.051049 0.058664 0.067529 0.074178 0.077719 0.076852 0.072013 0.069515 0.076992 0.101017 0.140428 0.193379 0.243403 0.282761 0.304356 0.311749 0.302297 0.294809 0.286926 0.272857 0.251695 0.23168 0.208556 0.190442 0.189053 0.203733 0.227461 0.25311 0.280852 0.308841 0.329189 0.342859 0.358471 0.372133 0.373519 0.374216 0.374577 0.364697 0.336066 0.298342 0.25125 0.199808 0.151976 0.122889 0.112052 0.113847 0.124376 0.144606 0.167061 0.186865 0.20519 0.218524 0.223738 0.223203 0.221763 0.220787 0.22377 0.226589 0.225971 0.222175 0.212635 0.198109 0.187425
0.054262 0.059677 0.063455 0.0653 0.064427 0.060641 0.058465 0.064422 0.083588 0.116856 0.164916 0.212962 0.254996 0.285865 0.302711 0.299271 0.295089 0.28646 0.266882 0.240893 0.217978 0.191646 0.170797 0.167367 0.180568 0.203928 0.230451 0.258765 0.285865 0.304396 0.315632 0.329883 0.34448 0.350744 0.356345 0.36185 0.358229 0.337153 0.306161 0.266875 0.222379 0.176883 0.144795 0.127614 0.12125 0.122756 0.135861 0.154446 0.174257 0.194421 0.211529 0.223223 0.230868 0.236397 0.240315 0.245804 0.246846 0.24045 0.228718 0.211481 0.191118 0.176908 0.170959
0.049688 0.051246 0.051645 0.050408 0.047315 0.045212 0.048909 0.062433 0.088345 0.128765 0.17207 0.214424 0.251981 0.276501 0.280054 0.280111 0.27246 0.250329 0.222816 0.199195 0.172005 0.150048 0.145465 0.157708 0.181862 0.211209 0.242581 0.27201 0.293103 0.305423 0.320154 0.335662 0.344853 0.35087 0.356321 0.354561 0.339255 0.315459 0.286172 0.251717 0.212092 0.179356 0.157113 0.144094 0.139188 0.147478 0.164173 0.185397 0.207001 0.225053 0.239252 0.250898 0.25963 0.265953 0.272113 0.270155 0.256815 0.235464 0.208167 0.180126 0.161179 0.153659 0.151512
0.040698 0.040558 0.039279 0.03668 0.034621 0.036504 0.045645 0.065799 0.098861 0.136819 0.177555 0.217804 0.245798 0.254857 0.258454 0.252232 0.230119 0.203847 0.181216 0.155036 0.133528 0.128597 0.139931 0.165125 0.19791 0.232895 0.264824 0.289391 0.302852 0.316229 0.32999 0.339639 0.344165 0.348843 0.349848 0.343063 0.330082 0.314151 0.292342 0.260907 0.229231 0.203488 0.185282 0.175977 0.18143 0.197162 0.21829 0.23793 0.252205 0.263061 0.272965 0.281657 0.289152 0.295502 0.291329 0.272436 0.241672 0.203778 0.166947 0.141266 0.129956 0.128166 0.135157
0.032095 0.031597 0.030116 0.028947 0.030333 0.037223 0.054327 0.082159 0.115683 0.153976 0.193039 0.219128 0.229403 0.233367 0.227106 0.207041 0.185264 0.166506 0.144451 0.126218 0.122556 0.13381 0.159964 0.195769 0.233866 0.266915 0.293376 0.307407 0.317878 0.327896 0.33716 0.340397 0.343263 0.346147 0.3469 0.342969 0.337648 0.327766 0.305575 0.276609 0.249796 0.229862 0.218392 0.221697 0.236527 0.256569 0.2728 0.281958 0.287075 0.29237 0.298556 0.304915 0.309739 0.304582 0.283067 0.246453 0.201321 0.157942 0.12555 0.108866 0.105518 0.115595 0.135066
0.028056 0.02767 0.027291 0.028387 0.034224 0.050617 0.075831 0.106836 0.143703 0.179841 0.1997 0.206446 0.207092 0.197984 0.179711 0.164241 0.151549 0.135974 0.123744 0.123625 0.136505 0.16421 0.203125 0.243864 0.277084 0.304023 0.319624 0.328311 0.3357 0.346004 0.349938 0.349973 0.350911 0.353977 0.353064 0.352065 0.34982 0.337442 0.314252 0.290631 0.27341 0.263459 0.265695 0.279208 0.296699 0.308112 0.311263 0.3095 0.308576 0.310557 0.31409 0.31624 0.310459 0.288373 0.249662 0.201701 0.155366 0.118593 0.097223 0.091304 0.101784 0.125405 0.15265
0.031121 0.030923 0.031632 0.037117 0.054639 0.079688 0.110135 0.146807 0.179915 0.191992 0.192944 0.188512 0.174806 0.156805 0.146232 0.138696 0.129291 0.123746 0.128253 0.144271 0.174612 0.217119 0.260421 0.293968 0.320093 0.335318 0.340324 0.343576 0.353402 0.358751 0.358581 0.359328 0.363812 0.363424 0.363596 0.364284 0.358373 0.341205 0.322942 0.309487 0.302037 0.30337 0.314163 0.326953 0.333011 0.331534 0.325089 0.319716 0.318557 0.319544 0.318852 0.312281 0.290992 0.253636 0.207173 0.16109 0.122095 0.096334 0.08579 0.092506 0.115345 0.144703 0.173246
0.041496 0.042015 0.047184 0.065401 0.09052 0.121212 0.159014 0.191106 0.198224 0.194928 0.185901 0.166454 0.146314 0.137558 0.133089 0.128783 0.129947 0.139449 0.158627 0.190498 0.234267 0.277368 0.308543 0.33022 0.341134 0.339705 0.336927 0.344638 0.352192 0.353824 0.355571 0.360861 0.359203 0.357387 0.358342 0.357103 0.346181 0.335568 0.328251 0.324119 0.324584 0.331589 0.337761 0.337584 0.332223 0.323005 0.315584 0.313182 0.312193 0.309155 0.302579 0.284257 0.252473 0.213445 0.173176 0.135915 0.107197 0.090614 0.08953 0.106238 0.132906 0.162061 0.18866
0.05286 0.056672 0.073449 0.097195 0.126927 0.165108 0.197936 0.204355 0.199803 0.18866 0.16553 0.142935 0.134414 0.132226 0.132663 0.140391 0.155114 0.177423 0.21012 0.252825 0.292979 0.320323 0.335739 0.340511 0.334046 0.328027 0.33476 0.345273 0.348765 0.348185 0.348016 0.338586 0.328533 0.325524 0.326751 0.321995 0.320153 0.321008 0.32065 0.319939 0.322701 0.322294 0.316261 0.308643 0.299424 0.293014 0.291614 0.291 0.288204 0.283785 0.27083 0.247861 0.219005 0.186943 0.153736 0.123836 0.101429 0.091096 0.098566 0.118575 0.144369 0.170084 0.187043
0.0642 0.077946 0.099073 0.126812 0.164418 0.199027 0.20852 0.205795 0.195323 0.171321 0.146733 0.137244 0.136587 0.140773 0.153337 0.171956 0.195616 0.22645 0.264772 0.299613 0.323001 0.333773 0.334425 0.326606 0.320906 0.32775 0.340168 0.345597 0.341862 0.334343 0.315474 0.296767 0.287889 0.288826 0.288038 0.292602 0.298001 0.298826 0.296265 0.294856 0.288822 0.279055 0.27103 0.263626 0.260049 0.261701 0.26354 0.262656 0.260456 0.252447 0.237755 0.218683 0.195479 0.168164 0.139297 0.112947 0.094273 0.091234 0.102467 0.122846 0.145997 0.164358 0.165707
0.080033 0.096907 0.121249 0.156642 0.192264 0.207225 0.209354 0.202533 0.181507 0.158245 0.149087 0.150698 0.158625 0.174737 0.194967 0.216974 0.242835 0.273534 0.300662 0.319864 0.328129 0.326523 0.320014 0.316848 0.323501 0.335283 0.341607 0.335545 0.322232 0.297149 0.274186 0.262636 0.262623 0.263735 0.271022 0.275484 0.271913 0.263907 0.256117 0.243934 0.231754 0.225013 0.22164 0.222926 0.229267 0.234624 0.236415 0.236321 0.232473 0.225034 0.214974 0.200159 0.178726 0.151909 0.122948 0.097331 0.084236 0.086472 0.100649 0.120397 0.139053 0.145339 0.138875
0.093271 0.113053 0.144585 0.179599 0.200226 0.208611 0.207513 0.192773 0.174365 0.167981 0.173144 0.184445 0.201825 0.220296 0.236422 0.253105 0.272923 0.290949 0.306428 0.315116 0.315583 0.314714 0.317101 0.32372 0.332546 0.336595 0.326618 0.307432 0.278565 0.254344 0.243038 0.242842 0.244777 0.252596 0.254573 0.244727 0.229919 0.215732 0.198436 0.184423 0.179306 0.180259 0.186414 0.196991 0.205328 0.209422 0.210997 0.210268 0.208234 0.205205 0.197271 0.181159 0.156957 0.12722 0.097787 0.078238 0.073676 0.082329 0.098437 0.115831 0.124651 0.121596 0.114346
0.104471 0.132092 0.165559 0.190363 0.204086 0.209245 0.203019 0.192519 0.192068 0.202501 0.216986 0.233554 0.247516 0.25484 0.259982 0.267585 0.276835 0.289304 0.299646 0.304287 0.310771 0.319699 0.326877 0.332568 0.334614 0.322629 0.300016 0.27036 0.248013 0.237785 0.236074 0.236486 0.241745 0.238521 0.221396 0.199862 0.180394 0.159949 0.145846 0.14321 0.148306 0.158246 0.171745 0.181953 0.18744 0.190056 0.191223 0.192076 0.192966 0.188858 0.176075 0.154354 0.12566 0.095435 0.073262 0.065441 0.071018 0.084991 0.101388 0.111799 0.110671 0.103506 0.103
0.128885 0.162234 0.190693 0.209392 0.220493 0.221623 0.21881 0.224415 0.239224 0.255203 0.269167 0.277009 0.27496 0.26857 0.26482 0.266611 0.275838 0.286551 0.294029 0.304592 0.316234 0.322491 0.324958 0.326243 0.317513 0.298972 0.275406 0.260695 0.254318 0.250198 0.246371 0.2457 0.234019 0.209096 0.182164 0.158857 0.136762 0.123877 0.123552 0.131543 0.143811 0.158967 0.16984 0.175581 0.178365 0.180732 0.183346 0.187088 0.186105 0.176079 0.156178 0.128364 0.097837 0.074219 0.064557 0.068434 0.081137 0.096173 0.106309 0.10489 0.095767 0.089628 0.092393
0.175082 0.206212 0.228092 0.2425 0.247087 0.248424 0.256986 0.272224 0.285854 0.29503 0.296292 0.286858 0.273451 0.264259 0.263505 0.27154 0.281736 0.289214 0.299125 0.308978 0.312278 0.3124 0.314477 0.311875 0.30104 0.287017 0.281393 0.279507 0.273075 0.264917 0.258195 0.239295 0.208896 0.178768 0.152751 0.129283 0.116368 0.116171 0.124667 0.137401 0.152626 0.163799 0.170171 0.173938 0.17841 0.183437 0.189738 0.191187 0.183071 0.163819 0.136033 0.105052 0.08059 0.06992 0.072847 0.084759 0.098405 0.106945 0.103724 0.092052 0.080843 0.078835 0.090641
0.235685 0.260272 0.275617 0.279064 0.278267 0.283696 0.293606 0.300471 0.302585 0.297847 0.284085 0.268241 0.259006 0.260828 0.27058 0.280191 0.285611 0.291023 0.294754 0.292475 0.290381 0.294506 0.299167 0.297184 0.292951 0.294226 0.293771 0.283639 0.271019 0.259658 0.237955 0.207926 0.179967 0.154744 0.131202 0.116806 0.11389 0.119236 0.129886 0.143885 0.15567 0.163857 0.170477 0.178632 0.187107 0.196148 0.200158 0.19405 0.175362 0.1476 0.116257 0.09116 0.07971 0.081746 0.092802 0.105191 0.111529 0.105467 0.091207 0.076166 0.070157 0.079282 0.103144
