atributos_novos/Unit_B1_Upper_InsPh_Mean.grd
DSAA 
487 821
667000 691300
7126000 7167000
117.7262 -114.919
[rows 162 to 188 of 818, columns 360 to 419 of 487]
20.612877 15.936289 10.386585 4.411609 -1.026754 -5.254236 -7.649412 -8.902637 -8.538338 -6.470474 -2.893698 1.415744 6.897212 12.457072 16.676292 19.61887 21.401783 21.065413 19.254183 17.124163 14.662266 11.580047 10.052681 9.459923 8.562547 6.812891 4.851671 -0.45602 -6.941163 -12.4862 -16.093147 -17.905703 -15.697985 -12.046201 -9.67792 -8.958304 -9.366898 -11.435472 -14.27914 -14.838724 -13.654264 -11.492687 -8.619143 -4.854068 -1.447165 2.031287 4.949632 7.608252 10.078334 12.012066 13.654371 16.073423 19.016827 21.616554 23.791025 25.478216 26.853973 27.959972 29.279482 30.654842
16.290356 10.841423 5.023967 -0.197151 -4.223635 -6.658237 -8.160958 -8.193998 -6.485464 -3.066633 1.466649 7.411512 13.635565 18.442263 21.607788 23.065355 22.308088 19.967001 17.425192 14.922547 12.235291 11.046572 10.975824 10.49932 8.817149 6.602309 1.343491 -5.639652 -11.850831 -15.841965 -17.87709 -16.214411 -12.321283 -9.272755 -7.78857 -7.428582 -8.491348 -10.969939 -11.544986 -10.772225 -9.07884 -7.230304 -4.643162 -2.713425 -0.588341 0.860746 2.570199 4.82083 7.453539 10.065571 13.843799 18.262848 21.946028 24.547388 26.270363 27.179556 27.325918 27.515995 27.805712 27.721952
11.546424 5.951241 0.899197 -2.951339 -5.349381 -6.960547 -7.355616 -6.036999 -2.985558 1.404959 7.448871 14.062049 19.324886 22.722942 24.046103 23.015457 20.183613 17.231102 14.645697 12.221375 11.218892 11.573257 11.44698 9.943621 7.729303 2.924959 -4.015321 -10.283464 -14.235836 -16.260262 -15.099192 -11.263803 -7.944468 -6.138603 -5.405941 -5.784437 -7.845191 -8.456153 -7.945685 -6.578677 -5.57456 -4.103037 -3.347862 -2.438393 -2.313315 -1.46774 0.47529 3.369558 6.476837 11.038206 16.36237 20.835365 23.802025 25.488985 25.888201 25.01413 23.861111 22.937365 22.311651 21.379366
7.819407 2.966431 -0.746545 -3.08583 -4.873787 -5.682719 -4.913847 -2.499855 1.363004 7.090419 13.714576 19.209234 22.783794 24.083874 22.962782 19.794312 16.523836 13.866483 11.663443 10.766058 11.459856 11.681501 10.457913 8.347466 4.168361 -2.435395 -8.509083 -12.296663 -14.185773 -13.504061 -9.945947 -6.581002 -4.667176 -3.815795 -3.669803 -5.16186 -5.702198 -5.288979 -4.017843 -3.558984 -3.063272 -3.165072 -3.203255 -4.184562 -4.183108 -2.676235 -0.125028 2.843922 7.504488 13.043961 17.819389 21.039852 22.62532 22.467989 20.732471 18.490761 16.828041 16.265976 16.339581 16.531523
5.764576 2.22216 -0.033078 -1.940005 -3.129142 -2.92125 -1.211609 1.910444 6.921829 13.117902 18.485453 22.074799 23.390392 22.398561 19.162146 15.79176 13.169106 11.265571 10.431836 11.306021 11.712288 10.683328 8.554263 4.976852 -1.029496 -6.585886 -9.998924 -11.5721 -11.23977 -8.220514 -5.175505 -3.502446 -2.850065 -2.596177 -3.59844 -4.12359 -3.784946 -2.504956 -2.187291 -2.29641 -2.617962 -2.891052 -4.301272 -4.761907 -3.489375 -1.540998 0.753044 4.79498 9.883224 14.347219 17.569323 18.956079 18.226845 15.714211 12.631077 10.320178 10.012242 11.450891 13.384912 15.428321
4.818379 2.661473 0.819877 -0.510681 -0.52311 0.711133 3.196538 7.277774 12.717587 17.633087 21.03529 22.225113 21.441614 18.374216 15.060966 12.58659 11.101942 10.426811 11.495238 12.172906 11.493975 9.555687 6.708683 1.475751 -3.429454 -6.48698 -7.911324 -8.079599 -5.942737 -3.673379 -2.615276 -2.432338 -2.372074 -3.073353 -3.564265 -3.183729 -1.696671 -1.089784 -1.134392 -1.037467 -0.945874 -2.135746 -2.584103 -1.402284 0.00292 1.559928 4.615655 8.682127 12.401351 15.276682 16.241718 14.893159 11.891884 8.287441 5.465009 5.384773 8.076369 11.451846 14.856894 17.53747
4.259321 2.560189 1.219167 1.126485 2.185867 4.225636 7.428008 12.012316 16.380058 19.470266 20.594637 20.15696 17.526945 14.498377 12.358866 11.350162 10.935901 12.255548 13.329006 13.119753 11.586856 9.438134 4.938344 0.491661 -2.511356 -4.169172 -4.994522 -3.866652 -2.494397 -2.064937 -2.355178 -2.630303 -3.263152 -3.787226 -3.434361 -1.730757 -0.578514 -0.102798 0.793046 1.724033 1.28727 1.280764 2.613308 3.743364 4.720631 6.757572 9.53722 12.282082 14.556231 14.928679 13.099251 10.092831 6.469803 3.64942 4.124756 7.890505 12.148606 16.35309 19.66045 20.973522
3.83768 2.34489 2.10989 3.111881 4.940487 7.466066 11.250283 14.997023 17.646027 18.574766 18.455299 16.456579 13.950453 12.349668 12.020437 12.022485 13.563394 14.983095 15.116609 13.80407 12.183867 8.326829 4.184552 1.133089 -0.778191 -2.323716 -2.2189 -1.730991 -1.911567 -2.683122 -3.233767 -3.835397 -4.266247 -3.832934 -1.763093 0.140311 1.490847 3.345102 5.312523 5.898845 6.552897 7.971715 8.863717 9.358898 10.309382 11.572025 13.265905 14.910053 14.732945 12.614932 10.019146 6.807588 4.274846 5.261011 9.730631 14.358098 18.891186 22.499405 23.894318 22.868017
2.397943 2.199172 3.372749 5.381106 7.706271 11.029126 14.404846 16.767488 17.490494 17.525938 16.098387 14.011272 12.816932 13.031166 13.434642 15.120446 16.798576 17.173088 16.02874 14.758533 11.417091 7.503162 4.384449 2.190119 0.025196 -0.772986 -1.104422 -1.835917 -2.980108 -3.778101 -4.415111 -4.633951 -3.970288 -1.416232 1.425522 4.035732 7.068862 10.255001 11.929371 13.28996 14.667991 15.281289 15.154686 15.046672 14.852852 15.492293 16.373363 15.856339 13.841544 11.923396 9.447942 7.513026 8.833394 13.370537 17.770971 22.026016 25.453419 26.725779 25.829456 25.014801
1.310906 2.759643 5.208574 7.753106 10.992307 14.354066 16.668713 17.193718 17.11026 15.965514 14.060218 13.101635 13.731604 14.566702 16.420918 18.348612 18.870249 17.777708 16.685106 13.688309 9.833243 6.629368 4.265174 1.689476 0.250901 -0.631262 -1.716565 -3.066576 -3.945775 -4.508079 -4.328427 -3.183423 -0.035134 3.730472 7.626846 11.756465 15.940775 18.558628 20.592913 21.819605 22.081163 21.383892 20.313627 18.672485 18.331177 18.476982 17.741402 16.134335 15.200485 13.660978 12.535928 14.044479 18.10088 21.757206 25.312838 28.161423 29.172358 28.456556 28.012465 26.782665
1.823264 4.626837 7.601649 10.996245 14.591291 17.07358 17.64431 17.399237 16.388821 14.556396 13.743416 14.627267 15.751837 17.578135 19.409254 19.547817 17.96534 16.647877 13.759481 9.930187 6.909104 4.783782 2.225236 0.561671 -0.439106 -1.61742 -3.046482 -3.943657 -4.312539 -3.716106 -2.003081 1.720785 6.320219 11.214527 16.158096 20.998714 24.359547 26.896444 27.926136 27.702452 26.329903 24.306934 21.451416 20.298435 20.007929 19.423603 18.508778 18.543715 17.915569 17.547653 19.12825 22.540888 25.484808 28.469688 30.844143 31.715298 31.292845 31.196842 30.248413 28.767864
3.793848 7.376266 11.126711 15.079607 17.887716 18.49485 17.96398 16.936848 15.072239 14.229502 15.289553 16.703684 18.446577 20.084106 19.683115 17.35548 15.448373 12.405746 8.413668 5.596986 3.865838 1.624197 0.057516 -0.712975 -1.733741 -3.0844 -3.934247 -4.088933 -3.121988 -0.855108 3.436198 8.802454 14.551149 20.174849 25.403091 29.204866 32.054222 32.865696 32.072418 30.10001 27.297691 23.426495 21.508593 20.963398 20.626564 20.395725 21.247349 21.374554 21.475231 22.889757 25.53401 27.856625 30.451469 32.661102 33.704674 33.826717 34.179054 33.552986 32.254948 30.831251
7.092381 11.345428 15.797327 19.029062 19.668045 18.706953 17.353544 15.184621 14.093207 15.200772 17.038158 18.936539 20.505499 19.729845 16.700554 13.890246 10.339571 5.995184 3.185741 1.808366 0.129187 -1.037274 -1.290725 -1.916413 -3.06656 -3.965647 -4.065874 -3.027011 -0.413244 4.315904 10.352919 16.67071 22.720076 27.954517 31.675945 34.425491 35.2164 34.193787 32.003544 29.007011 24.769566 22.222099 21.427931 21.372477 21.717216 23.145855 23.952694 24.461178 25.648296 27.565413 29.349689 31.552507 33.651146 35.061249 35.912098 36.856827 36.749779 35.777756 34.367718 32.355915
11.096904 15.722283 19.111753 19.683304 18.344831 16.595575 14.193574 12.883739 14.086074 16.381302 18.595612 20.128641 19.130327 15.454898 11.738013 7.623337 3.029446 0.249198 -0.626838 -1.550773 -2.136508 -1.793162 -1.97418 -2.980977 -4.04764 -4.232143 -3.360639 -0.633539 4.299961 10.744225 17.200525 23.301964 28.093378 31.326761 33.584057 34.286179 33.052406 30.991127 28.196249 24.086788 21.350388 20.819447 21.147673 22.03425 24.015743 25.450035 26.231615 27.316046 28.78076 30.211794 32.216679 34.458607 36.448906 38.171413 39.895702 40.377689 39.593307 37.945847 35.578014 32.991127
14.402838 17.79319 18.396235 16.988773 15.098891 12.730074 11.276574 12.495256 15.13358 17.698679 19.173954 18.100767 14.045993 9.538754 4.845729 0.146776 -2.539079 -2.938324 -3.070109 -2.99092 -2.044606 -1.777173 -2.646787 -3.893471 -4.223749 -3.686489 -1.117115 3.752167 10.352764 16.645006 22.470484 26.456371 28.788334 30.045557 30.339109 28.764818 26.982769 24.758671 21.351593 18.962017 19.228092 20.30262 21.8347 24.380262 26.442749 27.374704 28.294922 29.425537 30.615973 32.444698 34.963512 37.634964 40.22789 42.703259 43.790512 43.060844 41.052841 38.266178 35.302509 33.097733
15.578395 16.265091 15.026366 13.111965 11.003777 9.433671 10.541563 13.428956 16.510572 18.224115 17.631426 13.91947 9.093464 4.025643 -0.772278 -3.637811 -4.068226 -3.723949 -3.219707 -1.956705 -1.383342 -2.114255 -3.594136 -4.222904 -4.085343 -1.842579 2.815096 9.429436 15.564442 21.094448 24.287512 25.552778 25.544523 25.107824 22.972858 21.367525 19.817297 17.361683 15.679366 17.02272 19.006744 21.254499 24.452499 27.116188 28.168062 28.904276 29.69813 30.514719 32.005779 34.650764 37.939056 41.36512 44.637093 46.502724 46.012108 43.792034 40.731281 37.492096 34.963272 33.597439
14.46768 13.550344 11.566909 9.648623 7.984845 8.77422 11.586708 15.169433 17.191305 17.330065 14.530232 10.177289 5.182462 0.622945 -2.456295 -3.286957 -2.976525 -2.389519 -1.178499 -0.548431 -1.232748 -2.964522 -3.97353 -4.278536 -2.48382 1.856712 8.278159 14.091935 19.209187 21.736086 21.941835 20.571251 19.218748 16.334333 14.483365 13.352463 11.961449 11.27929 13.874335 17.047985 20.20602 24.026829 27.226324 28.473885 29.077271 29.626911 30.142712 31.275959 33.90303 37.650948 41.696697 45.584625 48.144932 47.967896 45.65807 42.455688 39.074741 36.282032 34.797302 32.800919
13.007859 11.301832 9.753005 8.13625 8.543758 10.949173 14.753638 17.001101 17.765913 15.97662 12.465721 7.820394 3.584059 0.312302 -1.194295 -1.298188 -0.928485 -0.046317 0.49799 -0.039074 -1.74517 -2.926258 -3.373005 -1.894995 2.065073 8.073995 13.60938 18.386507 20.548908 20.197189 17.771158 15.241264 11.257885 8.592905 7.120749 6.3799 6.717174 10.538429 14.878843 19.044601 23.399368 26.884094 28.146143 28.585598 28.812252 29.027243 29.872421 32.445747 36.338234 40.655643 44.799538 47.745148 47.799358 45.657829 42.658985 39.453514 36.639591 35.10807 33.385769 32.419979
12.389635 11.25245 9.862832 9.992858 11.995489 15.879833 18.350805 19.504414 18.542288 15.818862 11.513115 7.359352 3.810908 1.43017 0.616352 0.592471 1.12918 1.58998 1.358274 -0.039907 -1.186216 -1.565746 -0.26534 3.295125 8.792254 14.141845 18.692518 20.776899 20.341742 17.354237 13.757233 8.763461 5.060008 2.796335 2.254236 3.340413 7.905982 13.093265 17.996336 22.60556 26.068953 27.218954 27.411631 27.305014 27.196505 27.699148 29.952158 33.567738 37.739727 41.774132 44.867558 45.363552 43.84008 41.522705 38.969795 36.562439 35.153191 33.671982 32.508324 30.830055
13.859561 12.732756 12.71939 14.328505 18.129797 20.820625 22.194235 21.824888 19.961092 16.128531 11.975744 8.116224 4.759063 2.931727 2.332706 2.392665 2.670259 2.709714 1.637187 0.449242 0.19144 1.409305 4.666989 9.703602 14.988521 19.509184 21.938585 21.948425 19.032423 14.855877 9.133439 4.21591 0.71623 -0.155294 1.193673 5.90941 11.43914 16.800949 21.394444 24.578547 25.622505 25.773569 25.452862 25.090099 25.357626 27.143969 30.178324 33.921261 37.644154 40.670349 41.696278 40.962337 39.496284 37.803349 36.065521 34.920345 33.790268 32.600132 30.627403 28.098915
15.991162 15.942517 17.125628 20.506245 23.077047 24.289026 24.078396 22.906054 19.525112 15.440606 11.401506 7.395943 4.619611 3.56645 3.337494 3.540869 3.817125 3.183281 2.074895 1.971295 3.20577 6.273442 10.861026 16.01255 20.535488 23.402952 24.103752 21.668371 17.343639 11.229537 5.284893 0.407054 -1.090472 0.151398 4.591663 10.056145 15.699735 20.123564 23.032459 24.107019 24.417967 23.988821 23.479353 23.469475 24.629431 26.83671 29.914074 33.145332 35.972416 37.421688 37.466515 36.88036 36.077698 35.128815 34.414021 33.708393 32.592728 30.533993 28.003613 25.271164
19.438152 20.386971 23.135481 25.297432 26.094381 25.552298 24.417192 21.099459 16.881199 12.678365 8.385537 5.046274 3.882913 3.697241 4.059268 4.669731 4.609583 3.715868 3.818956 5.147972 7.981209 12.098826 17.08058 21.602304 24.787628 26.271748 24.551414 20.394901 14.253438 7.801215 1.859842 -0.291241 0.655337 4.544296 9.54441 15.186093 19.427443 22.127022 23.349186 24.001015 23.535112 22.757492 22.283512 22.60713 23.708376 25.962454 28.669855 31.310438 33.168175 34.04018 34.26199 34.260643 34.102951 33.825329 33.444012 32.527817 30.559505 27.984339 25.321156 22.455212
22.699991 24.82583 26.552992 26.919518 26.062717 24.892946 21.516373 17.20458 12.999851 8.746846 5.031227 4.00281 3.972625 4.46462 5.191164 5.486832 4.635055 4.782843 6.057944 8.635341 12.404028 17.212009 21.771961 25.35104 27.535465 26.55755 22.840607 16.923666 10.310074 3.868898 1.340641 2.058221 5.421867 9.923831 15.388407 19.493666 22.105318 23.666588 24.764553 24.42358 23.35582 22.317545 21.666321 21.603981 22.937769 25.106321 27.58102 29.729681 31.259958 32.099911 32.721104 33.199535 33.437092 33.341019 32.660809 30.816029 28.108767 25.252604 22.386965 19.532116
24.938847 26.183388 26.212646 25.335775 24.30125 21.003229 16.85759 12.848163 8.707655 4.771849 3.968182 4.112827 4.703598 5.477764 5.950277 5.025211 5.034168 6.11873 8.400439 11.898193 16.530573 21.171291 25.205126 28.044365 27.75279 24.624523 19.131731 12.548001 5.975953 3.314031 3.829591 6.739889 10.825576 16.110725 20.15103 22.867399 24.874289 26.519835 26.408342 25.173496 23.639597 22.107613 20.980745 21.390121 22.975161 25.207977 27.44277 29.311678 30.484983 31.382368 32.184273 32.753868 32.911606 32.506721 30.980688 28.325268 25.289623 22.236111 19.402958 17.108116
24.272083 23.994028 23.27632 22.448793 19.380512 15.627845 11.986154 8.114046 4.185655 3.642047 4.065939 4.818793 5.694828 6.357157 5.47913 5.317433 6.162315 8.065145 11.232883 15.623163 20.240042 24.520811 27.798622 27.958529 25.232601 20.188978 13.9485 7.656126 5.229069 5.815601 8.53209 12.3332 17.431202 21.457468 24.421051 26.850433 28.955147 29.097269 27.740458 25.693529 23.414362 21.436445 21.126154 22.253487 24.394541 26.681259 28.729452 29.951956 30.842724 31.640087 32.305206 32.596874 32.471722 31.323433 28.797743 25.66943 22.424229 19.439281 17.02836 15.487687
21.892282 21.429554 20.862658 18.144047 14.890077 11.725933 8.153465 4.331159 4.008591 4.646385 5.541976 6.567094 7.395645 6.555329 6.154 6.565927 7.875244 10.581249 14.627307 19.1383 23.598881 27.186426 27.595533 25.122974 20.463114 14.651825 8.976767 7.093226 8.017732 10.813224 14.521571 19.338348 23.292974 26.36713 29.002579 31.344545 31.732418 30.315935 28.000042 25.337845 22.903961 22.216972 23.166487 25.318615 27.722284 29.931034 31.128216 31.927 32.667137 33.217037 33.465591 33.467213 32.508778 29.955139 26.67989 23.174812 19.8339 17.060844 15.326669 14.304944
19.277531 19.270699 17.304813 14.850112 12.432806 9.230367 5.532466 5.198157 5.812638 6.676021 7.739823 8.637617 7.80933 7.151018 7.017822 7.76221 9.990901 13.611033 17.873737 22.42979 26.081884 26.594154 24.31798 20.060637 14.700758 9.77827 8.409332 9.651178 12.559813 16.243399 20.639925 24.375536 27.417818 29.992235 32.261345 32.909592 31.746643 29.550961 27.045757 24.77257 24.164108 25.181223 27.541487 30.257126 32.774521 34.178108 35.117371 35.839069 36.170937 36.224949 35.978436 34.798176 32.058285 28.564322 24.680265 20.915663 17.685932 15.413059 13.962151 13.29068
