atributos_novos/Unit_B1_Lower_Flatness_Mean.grd
DSAA 
487 821
667000 691300
7126000 7167000
0.57171 0.002088
[rows 84 to 111 of 818, columns 126 to 188 of 487]
0.145591 0.132021 0.12871 0.136728 0.156729 0.185779 0.215202 0.237011 0.246529 0.246393 0.238636 0.229351 0.222114 0.214901 0.202577 0.186826 0.167294 0.147153 0.129503 0.117574 0.112564 0.113357 0.115155 0.118466 0.122593 0.126192 0.1282 0.129058 0.126754 0.120888 0.109785 0.098029 0.090798 0.089955 0.095353 0.106809 0.11745 0.120568 0.115403 0.105757 0.093817 0.086174 0.091294 0.105038 0.117487 0.126447 0.129975 0.11825 0.098097 0.079794 0.066166 0.060135 0.065938 0.07841 0.092614 0.103877 0.103873 0.093394 0.077333 0.058085 0.039428 0.026752 0.019842
0.157402 0.148202 0.148484 0.159177 0.179484 0.201948 0.219051 0.225982 0.224788 0.216431 0.206858 0.19972 0.193488 0.183323 0.170491 0.15429 0.137727 0.122674 0.112497 0.108372 0.109286 0.10985 0.111044 0.112267 0.112653 0.111738 0.110866 0.109297 0.106666 0.101584 0.097161 0.097327 0.101568 0.109105 0.118482 0.124438 0.121734 0.111085 0.097041 0.084036 0.077359 0.083194 0.097752 0.11177 0.121343 0.124787 0.114396 0.096132 0.07917 0.066638 0.062276 0.070399 0.085972 0.104147 0.119901 0.12323 0.113908 0.097283 0.0758 0.053639 0.037508 0.027817 0.021881
0.16463 0.156937 0.157649 0.167884 0.181438 0.191724 0.194817 0.191875 0.182826 0.173734 0.167858 0.16425 0.158412 0.151223 0.140946 0.130092 0.119167 0.11165 0.108551 0.109176 0.107604 0.105188 0.101905 0.097459 0.092387 0.089544 0.089639 0.092117 0.095386 0.099971 0.107493 0.114849 0.120946 0.12448 0.123341 0.114924 0.101211 0.086178 0.074884 0.070781 0.076887 0.089993 0.103122 0.112031 0.114906 0.107 0.093289 0.080401 0.070501 0.067614 0.075938 0.091209 0.109809 0.127535 0.134349 0.128432 0.11441 0.094071 0.071175 0.05251 0.039301 0.029831 0.024287
0.158977 0.153435 0.156165 0.162114 0.165823 0.164478 0.159176 0.149127 0.140854 0.137071 0.137437 0.137102 0.137113 0.133886 0.129384 0.122742 0.117459 0.11426 0.113165 0.10869 0.10224 0.094732 0.08587 0.077511 0.073203 0.075326 0.082931 0.09439 0.107298 0.121249 0.130651 0.134305 0.131733 0.124121 0.111114 0.095761 0.080915 0.071031 0.068124 0.072549 0.081828 0.091768 0.09917 0.101587 0.096925 0.088966 0.081458 0.074769 0.072665 0.078897 0.090784 0.106502 0.1235 0.133448 0.133448 0.12577 0.110812 0.090791 0.071163 0.053967 0.039774 0.029726 0.025408
0.145257 0.144821 0.14648 0.146419 0.142481 0.135786 0.125269 0.117632 0.115177 0.118598 0.122546 0.128661 0.132075 0.133816 0.131615 0.128899 0.125234 0.121795 0.114148 0.103417 0.091227 0.078333 0.067371 0.062236 0.066939 0.080405 0.100025 0.121054 0.140921 0.152242 0.15341 0.145429 0.131798 0.114661 0.097514 0.08274 0.073272 0.06973 0.070435 0.074216 0.078887 0.083096 0.0847 0.083194 0.080521 0.077984 0.074062 0.071673 0.07472 0.082213 0.093855 0.109428 0.123344 0.130702 0.131297 0.124544 0.110011 0.090394 0.069497 0.050597 0.035563 0.027049 0.027166
0.13502 0.13632 0.135053 0.129745 0.121694 0.10931 0.100191 0.0967 0.100818 0.107371 0.118842 0.128649 0.13671 0.139693 0.140127 0.136032 0.130471 0.120373 0.105972 0.089683 0.073732 0.06099 0.055315 0.062002 0.080071 0.105754 0.132626 0.156356 0.169174 0.168839 0.157516 0.140136 0.121033 0.103225 0.088961 0.079773 0.0751 0.071954 0.070401 0.069602 0.069865 0.07 0.070117 0.070714 0.07128 0.069206 0.066073 0.06616 0.069735 0.07775 0.091954 0.110036 0.124947 0.134166 0.136311 0.128223 0.109045 0.08485 0.061688 0.042078 0.029777 0.02767 0.034253
0.131209 0.131496 0.12622 0.116562 0.101263 0.08927 0.083221 0.086267 0.094172 0.109785 0.124723 0.138066 0.14606 0.149796 0.145593 0.138412 0.126769 0.109918 0.090564 0.072551 0.058777 0.052494 0.059353 0.079551 0.108317 0.138265 0.16403 0.178884 0.178762 0.166501 0.147485 0.127362 0.108167 0.093009 0.082667 0.076189 0.070163 0.06533 0.061237 0.059091 0.058271 0.058918 0.060674 0.062134 0.06063 0.056717 0.054698 0.055742 0.061487 0.0746 0.095909 0.117324 0.13403 0.144119 0.142582 0.124793 0.098343 0.07214 0.049178 0.033945 0.030141 0.036175 0.048551
0.126741 0.12278 0.113268 0.097692 0.085283 0.078391 0.080635 0.088647 0.10549 0.122034 0.137304 0.148003 0.154194 0.15044 0.142973 0.131591 0.114568 0.093805 0.074813 0.06048 0.053199 0.058287 0.077582 0.106162 0.136553 0.162981 0.180451 0.183146 0.17278 0.154064 0.133292 0.111622 0.093715 0.080951 0.072504 0.065062 0.059508 0.054689 0.051886 0.050943 0.051709 0.053202 0.053896 0.051859 0.047118 0.043346 0.042582 0.04691 0.059101 0.082177 0.108081 0.130242 0.146228 0.14992 0.133762 0.106755 0.079496 0.055223 0.038934 0.034965 0.041369 0.055312 0.071112
0.118986 0.111498 0.097601 0.085946 0.078491 0.079032 0.085306 0.10044 0.115965 0.130614 0.141845 0.149646 0.147113 0.140546 0.130745 0.115376 0.094812 0.076153 0.062089 0.054337 0.057353 0.074234 0.100045 0.128172 0.152643 0.170281 0.174201 0.165381 0.147254 0.126637 0.104038 0.085781 0.073097 0.065191 0.058921 0.054942 0.050997 0.048373 0.0475 0.047739 0.048024 0.046887 0.043523 0.037933 0.033349 0.031833 0.035766 0.047265 0.070399 0.097469 0.121729 0.140635 0.148069 0.134557 0.109729 0.084256 0.06102 0.04545 0.042509 0.049787 0.065157 0.082897 0.097032
0.111439 0.100071 0.089466 0.081655 0.080627 0.085277 0.097509 0.110309 0.122242 0.131411 0.138077 0.13608 0.130549 0.122695 0.110113 0.091676 0.074664 0.061801 0.054257 0.055125 0.068158 0.088794 0.111341 0.130607 0.145191 0.148298 0.140432 0.124359 0.10605 0.085744 0.069915 0.059551 0.053841 0.050204 0.0487 0.046914 0.045589 0.045231 0.045076 0.044338 0.041535 0.0372 0.031493 0.026867 0.025193 0.029104 0.039593 0.060828 0.086572 0.110439 0.129722 0.139204 0.129127 0.10812 0.086105 0.065432 0.051638 0.049675 0.05721 0.072477 0.09051 0.104352 0.114043
0.104833 0.096819 0.090491 0.089455 0.092997 0.101677 0.110143 0.1172 0.1217 0.12465 0.121444 0.115926 0.109284 0.099457 0.083956 0.069243 0.05791 0.05071 0.049489 0.05835 0.073412 0.090025 0.10412 0.115169 0.11702 0.110082 0.09653 0.08104 0.064033 0.051239 0.043329 0.039717 0.038401 0.038961 0.039241 0.039441 0.039748 0.039654 0.038616 0.035453 0.031277 0.026458 0.02248 0.021043 0.024693 0.033634 0.051657 0.074528 0.096472 0.114815 0.125557 0.119558 0.10326 0.085396 0.067592 0.055154 0.053055 0.059707 0.073391 0.090318 0.103383 0.112156 0.114334
0.1054 0.102774 0.103625 0.106926 0.111737 0.114481 0.1149 0.112657 0.109615 0.103644 0.097442 0.091577 0.084364 0.072631 0.061198 0.052222 0.046219 0.044131 0.049446 0.059276 0.07019 0.079256 0.086231 0.086624 0.08056 0.069684 0.057443 0.044527 0.035228 0.029958 0.028186 0.028342 0.029843 0.031107 0.032144 0.032961 0.033378 0.032997 0.030725 0.027581 0.024096 0.020997 0.019688 0.022676 0.03001 0.044545 0.063672 0.082785 0.099518 0.110724 0.108709 0.097679 0.084365 0.069502 0.058017 0.05495 0.059476 0.07007 0.08398 0.094992 0.102019 0.10342 0.098732
0.117306 0.11864 0.120819 0.121543 0.118688 0.11269 0.10384 0.094454 0.08503 0.077333 0.071384 0.065964 0.058186 0.050715 0.044899 0.040988 0.039383 0.042498 0.048322 0.054602 0.059556 0.062822 0.061364 0.055589 0.046927 0.0376 0.028593 0.02282 0.020094 0.019746 0.020656 0.022244 0.023598 0.024769 0.02579 0.026724 0.027351 0.026683 0.025253 0.023441 0.021631 0.020691 0.022819 0.028518 0.0396 0.054531 0.070095 0.084713 0.095542 0.096955 0.091172 0.082814 0.071624 0.062074 0.058633 0.060779 0.067287 0.076535 0.083819 0.088017 0.088971 0.08682 0.087414
0.136437 0.136742 0.133435 0.124819 0.112591 0.097993 0.083002 0.069927 0.060396 0.053801 0.049153 0.044546 0.040548 0.037552 0.035519 0.034544 0.036131 0.039262 0.042517 0.045111 0.046498 0.044638 0.039704 0.033151 0.026108 0.019758 0.015761 0.014035 0.013864 0.014591 0.01566 0.016803 0.017889 0.018966 0.020327 0.021944 0.023128 0.023937 0.024281 0.024113 0.023894 0.025283 0.029486 0.037756 0.04939 0.06205 0.074643 0.084416 0.087711 0.085543 0.081123 0.074048 0.067758 0.065429 0.066415 0.069656 0.074153 0.077207 0.078398 0.078603 0.078512 0.081398 0.090275
0.151572 0.144459 0.130668 0.113244 0.094642 0.07623 0.060323 0.049127 0.041704 0.036933 0.033967 0.032203 0.031004 0.03008 0.029519 0.030143 0.031813 0.033793 0.035796 0.037069 0.036093 0.03248 0.027491 0.021828 0.016643 0.013049 0.011335 0.01089 0.011273 0.012013 0.012937 0.013858 0.014812 0.016231 0.018377 0.021004 0.0237 0.026029 0.027516 0.028101 0.028945 0.031983 0.038104 0.047092 0.057555 0.068772 0.077772 0.082443 0.083766 0.083739 0.081673 0.080207 0.081067 0.082553 0.083497 0.083836 0.082411 0.079669 0.077409 0.076919 0.079329 0.085944 0.09491
0.148197 0.131197 0.111389 0.091687 0.072423 0.055311 0.043102 0.03479 0.029286 0.026833 0.026364 0.02645 0.026532 0.026659 0.026966 0.027848 0.028997 0.030397 0.031441 0.031104 0.028453 0.024554 0.019935 0.015501 0.012162 0.010545 0.010159 0.010717 0.011723 0.012866 0.013941 0.014929 0.016163 0.018337 0.021552 0.025239 0.028766 0.031496 0.032806 0.033404 0.035708 0.040362 0.047286 0.055911 0.0659 0.073974 0.079281 0.08346 0.087927 0.091604 0.096518 0.102746 0.107023 0.107494 0.105299 0.100199 0.093438 0.087748 0.084933 0.083982 0.085108 0.087981 0.093447
0.124654 0.105408 0.087743 0.070824 0.054666 0.042204 0.032979 0.026254 0.023183 0.022796 0.023221 0.023579 0.023888 0.02393 0.024327 0.025009 0.026088 0.027074 0.027175 0.025238 0.022177 0.018446 0.014742 0.011894 0.010704 0.010795 0.011963 0.013618 0.015252 0.016545 0.017434 0.018177 0.019811 0.022945 0.027282 0.031873 0.035902 0.038408 0.039427 0.040954 0.044075 0.048935 0.055412 0.063376 0.069876 0.074751 0.080536 0.08917 0.099373 0.112639 0.126947 0.137191 0.139897 0.137959 0.130848 0.12097 0.111566 0.10471 0.096887 0.089604 0.08403 0.082302 0.091351
0.097885 0.084255 0.071816 0.058639 0.047183 0.037342 0.029045 0.024201 0.022397 0.021785 0.021397 0.02114 0.020595 0.020388 0.020574 0.021346 0.022303 0.022823 0.021702 0.019616 0.016962 0.014219 0.012121 0.01154 0.01227 0.01417 0.016562 0.018781 0.020341 0.021093 0.0213 0.022148 0.024602 0.028962 0.034148 0.03903 0.042654 0.044681 0.045936 0.048039 0.051564 0.056522 0.062532 0.067646 0.071715 0.077767 0.088931 0.104321 0.124931 0.147239 0.165104 0.172816 0.174521 0.168523 0.158125 0.146033 0.134552 0.118038 0.100788 0.085537 0.075602 0.07878 0.100587
0.079727 0.072338 0.063615 0.054668 0.045097 0.03565 0.028631 0.024484 0.021794 0.019878 0.018542 0.017241 0.016403 0.016147 0.016694 0.01767 0.018595 0.018311 0.017194 0.015592 0.013813 0.012473 0.012485 0.013848 0.016471 0.019612 0.022614 0.024747 0.025658 0.025559 0.025699 0.026958 0.030279 0.034945 0.039796 0.043977 0.047221 0.049186 0.051163 0.053835 0.057382 0.061274 0.064399 0.067024 0.072457 0.085026 0.10401 0.130475 0.159963 0.185865 0.20015 0.208096 0.206133 0.197675 0.18478 0.169884 0.144988 0.117668 0.092429 0.07389 0.070305 0.091074 0.12652
0.073162 0.068768 0.062782 0.054131 0.044209 0.035342 0.028696 0.023651 0.01993 0.017279 0.015188 0.013821 0.013279 0.013743 0.014804 0.016033 0.01639 0.015936 0.015015 0.013853 0.012985 0.013348 0.015159 0.018358 0.022133 0.025903 0.028699 0.029975 0.029834 0.029448 0.02953 0.031577 0.035159 0.039304 0.043564 0.047784 0.050543 0.052863 0.05532 0.057715 0.05923 0.059711 0.059723 0.062364 0.073601 0.093886 0.123853 0.158579 0.191941 0.214097 0.229701 0.234179 0.230566 0.220061 0.204409 0.173997 0.138748 0.10501 0.079216 0.069876 0.089126 0.128777 0.175596
0.075036 0.072012 0.064432 0.054356 0.043808 0.034415 0.026768 0.02111 0.01701 0.014119 0.012449 0.011933 0.012662 0.014094 0.01572 0.01651 0.016377 0.015697 0.014715 0.013919 0.014298 0.016152 0.019366 0.023189 0.027247 0.030444 0.032165 0.032608 0.032505 0.032118 0.033366 0.035979 0.038939 0.042501 0.046978 0.050043 0.052538 0.05504 0.056829 0.056528 0.054802 0.052422 0.052254 0.061565 0.082115 0.114246 0.152742 0.192211 0.221362 0.243586 0.253464 0.254095 0.245759 0.230046 0.196697 0.157298 0.118916 0.089915 0.07852 0.098766 0.143121 0.197243 0.249143
0.080429 0.074086 0.06426 0.052472 0.040602 0.030399 0.022932 0.017593 0.014235 0.012833 0.01296 0.01444 0.01652 0.018524 0.019243 0.018733 0.017572 0.016098 0.014788 0.014751 0.01621 0.018979 0.022444 0.02653 0.030122 0.032596 0.034147 0.034938 0.034546 0.034903 0.036136 0.037238 0.039074 0.042668 0.045831 0.048592 0.051475 0.053547 0.053015 0.050414 0.047015 0.045428 0.053252 0.073304 0.105943 0.145843 0.188399 0.221667 0.24711 0.259294 0.261697 0.254358 0.239502 0.207141 0.168585 0.131077 0.103964 0.094497 0.118197 0.167843 0.2286 0.285895 0.328984
0.080916 0.071667 0.059402 0.045936 0.033957 0.025244 0.019177 0.015931 0.01554 0.017058 0.019739 0.022457 0.024477 0.024442 0.022756 0.020332 0.017738 0.015438 0.014663 0.015494 0.017652 0.02066 0.024721 0.028712 0.031966 0.034536 0.036187 0.035907 0.035493 0.035471 0.035146 0.035627 0.038297 0.041399 0.044213 0.047007 0.048953 0.04838 0.045578 0.04268 0.04229 0.051611 0.073256 0.107201 0.147586 0.190107 0.222924 0.246832 0.257828 0.259552 0.252228 0.238821 0.209907 0.174657 0.140803 0.118551 0.113988 0.142295 0.197431 0.263992 0.325359 0.371771 0.385395
0.078024 0.065183 0.050795 0.038061 0.028886 0.022725 0.020025 0.021122 0.024594 0.02899 0.032689 0.03482 0.03385 0.030488 0.026055 0.021471 0.017435 0.015335 0.015152 0.016489 0.018904 0.022489 0.026266 0.029671 0.032667 0.034769 0.034958 0.034617 0.034226 0.03332 0.033145 0.034967 0.037468 0.039812 0.042132 0.043721 0.043298 0.041282 0.040718 0.04406 0.057526 0.083058 0.119333 0.159438 0.199892 0.229684 0.248691 0.256036 0.255612 0.246875 0.233634 0.208676 0.177604 0.148523 0.132331 0.133767 0.166656 0.225689 0.294886 0.357111 0.404663 0.420108 0.404914
0.071919 0.05687 0.04408 0.035183 0.029763 0.028205 0.031136 0.036598 0.042291 0.046103 0.047397 0.044604 0.038881 0.032107 0.025483 0.01978 0.016413 0.015222 0.01568 0.017368 0.020198 0.023426 0.026681 0.029892 0.032379 0.033181 0.033194 0.032789 0.031643 0.031042 0.032071 0.03388 0.035592 0.037202 0.038269 0.038147 0.037495 0.040693 0.050192 0.070368 0.101599 0.141339 0.18077 0.217307 0.241643 0.253734 0.255357 0.25109 0.239135 0.224383 0.202182 0.175034 0.151201 0.141094 0.148288 0.185244 0.246755 0.315991 0.378152 0.426413 0.443455 0.430561 0.403501
0.0658 0.053231 0.044814 0.040361 0.040264 0.044926 0.051842 0.057984 0.061013 0.060636 0.055411 0.047014 0.037864 0.029259 0.022001 0.017447 0.01534 0.015094 0.01629 0.018654 0.021697 0.025055 0.028453 0.031128 0.032195 0.031986 0.031067 0.029556 0.028637 0.029088 0.030508 0.031796 0.032674 0.033006 0.032877 0.033446 0.040912 0.057505 0.084999 0.122576 0.165918 0.203591 0.234214 0.25206 0.25665 0.25275 0.245465 0.231272 0.214611 0.193915 0.16919 0.148917 0.142505 0.152833 0.190427 0.250688 0.31617 0.376186 0.424408 0.445105 0.43779 0.415737 0.383282
0.066184 0.058541 0.055015 0.056027 0.061225 0.06783 0.072701 0.073631 0.070871 0.06347 0.053163 0.042431 0.032518 0.024202 0.01866 0.015728 0.01487 0.015682 0.017749 0.020803 0.024356 0.027936 0.03077 0.031972 0.031357 0.029728 0.027777 0.026645 0.026843 0.028109 0.029316 0.029745 0.029339 0.028745 0.029959 0.040736 0.062957 0.095811 0.137853 0.183043 0.217812 0.242514 0.255676 0.255718 0.249697 0.242492 0.227693 0.208218 0.186448 0.161077 0.140714 0.13476 0.145635 0.18043 0.236043 0.295375 0.351693 0.399253 0.426281 0.428435 0.416283 0.390424 0.357349
0.07601 0.073184 0.074622 0.078956 0.083342 0.085174 0.082968 0.077509 0.068311 0.056892 0.045471 0.034954 0.026094 0.019866 0.016245 0.014779 0.01514 0.01688 0.020004 0.023946 0.028089 0.031479 0.033094 0.032181 0.029731 0.026805 0.024757 0.02413 0.024891 0.02591 0.026183 0.025483 0.024641 0.026169 0.038574 0.063058 0.09683 0.138664 0.181824 0.212049 0.231781 0.243178 0.242813 0.238057 0.233119 0.219076 0.197461 0.174152 0.148238 0.127917 0.122065 0.13258 0.163817 0.21336 0.265153 0.31612 0.361598 0.392685 0.403391 0.401997 0.385842 0.360161 0.333263
