atributos_novos/Unit_B1_Upper_InsPh_Mean.grd
DSAA 
487 821
667000 691300
7126000 7167000
117.7262 -114.919
[rows 594 to 620 of 818, columns 60 to 119 of 487]
74.056458 74.53923 72.44014 67.716629 62.689678 54.003765 46.961246 41.739857 39.221298 37.551888 38.864735 38.422409 37.323975 36.054951 36.241577 37.527493 41.243969 44.682339 47.067059 45.952557 40.828323 33.375366 25.798981 16.443691 9.878104 6.194274 2.294961 -2.057691 -5.05864 -10.10314 -16.185472 -20.754005 -23.383121 -23.75205 -21.3244 -16.84103 -11.186253 -5.986782 -2.424429 -0.638787 -0.302516 -0.827456 -0.549731 0.239141 2.038792 4.246661 5.862175 6.893606 9.839206 14.941837 21.731201 30.531343 39.172718 44.475212 45.351505 42.229992 35.925098 28.870268 22.786051 18.393051
73.293999 71.76667 68.000359 63.600777 55.567638 48.641262 42.814262 39.248158 36.27607 36.88131 35.792656 34.475483 33.438881 34.408958 35.641701 39.337055 42.660522 44.809757 43.539879 38.735855 31.92635 24.800116 15.965338 9.493014 5.78156 1.881225 -2.121557 -5.061234 -10.121588 -16.410349 -21.497311 -24.67396 -24.959341 -21.885769 -16.1549 -8.825072 -2.061426 2.45238 4.864154 5.325395 4.440354 4.131815 4.505501 6.02332 8.32671 10.394542 12.226662 15.605548 20.101358 25.096741 31.003998 35.7887 37.359116 35.609592 31.115459 24.919897 19.618542 16.299217 14.946557 16.537863
71.518623 69.173569 65.531487 58.466537 51.556194 44.698586 39.671967 35.337418 34.899029 33.274956 32.311939 31.99428 33.931339 35.365936 39.210232 42.121876 43.712673 41.912659 36.936649 30.146358 23.186697 14.819769 8.654605 5.418348 2.261267 -0.949682 -3.620288 -8.8168 -15.849009 -22.264442 -26.765032 -27.796034 -24.667522 -17.850819 -8.918303 -0.476651 5.348693 8.85961 9.847864 9.112996 8.670114 9.114022 10.71897 13.32599 15.999464 18.699223 22.085281 25.287825 27.836952 30.156034 30.593122 28.628044 24.952381 20.084681 15.157868 12.585024 12.523323 14.311977 18.700657 24.151373
70.806343 67.844086 61.381447 53.994843 45.683281 38.826748 33.217762 32.222294 30.840939 30.887768 31.829409 34.836166 36.296661 40.286648 42.936321 43.936096 41.559071 36.353539 28.981062 21.632923 13.460077 7.520483 4.949645 3.011768 0.792975 -1.490062 -6.759631 -14.757178 -22.692028 -28.509781 -30.295376 -27.022612 -18.945091 -8.267817 1.910168 9.150105 13.72936 15.328918 14.834568 14.489033 15.09143 16.773743 19.428896 22.352234 25.195799 27.847738 29.136831 28.850195 27.427746 24.062956 19.4597 14.995514 10.937238 8.279503 8.721356 11.646237 15.800278 21.915777 28.43269 33.933903
68.740662 61.991367 53.6138 43.735275 35.010487 28.645012 27.709055 27.310207 28.935839 31.429216 35.568581 37.133713 41.233597 43.65345 44.362938 41.506821 36.119438 28.21063 20.482327 12.375243 6.701757 4.801107 3.917043 2.37582 0.240538 -5.125627 -14.005846 -23.158003 -29.721842 -31.714039 -28.036484 -18.598875 -6.22351 5.307324 13.50952 18.754805 20.654408 20.18354 20.016504 20.935305 22.814917 25.406115 28.218771 30.490513 31.645535 30.434269 27.207708 22.51129 16.457914 10.4505 6.29621 3.842753 3.682251 6.66841 11.867283 17.665495 24.72345 31.756929 37.547096 42.288105
60.98307 51.587414 40.568027 30.753197 24.505541 24.210947 25.088249 28.307058 31.965031 36.589951 38.000351 41.878742 43.802834 44.363277 41.377693 36.027302 27.900261 20.069582 12.021519 6.528641 4.966605 4.523464 2.979534 0.582182 -5.023361 -14.439629 -24.128168 -30.591002 -32.133209 -27.906176 -17.419182 -3.792153 8.579867 17.289829 23.241184 25.680719 25.510828 25.784248 27.142918 28.86795 30.835812 32.821011 33.63599 32.625561 28.92137 23.211208 16.163734 8.750242 2.596339 -0.604552 -1.266286 0.670703 5.359895 11.851298 18.512936 25.878056 33.072731 39.033855 43.905918 48.696873
48.19809 36.356915 26.198597 20.755735 21.494349 23.740192 28.195301 32.317104 36.53503 37.078846 40.019802 41.17252 41.80566 39.140274 34.476688 26.963579 19.722614 11.84988 6.518711 4.857193 4.125627 1.910132 -0.944576 -6.745826 -15.958597 -25.120708 -30.437963 -30.7764 -25.49201 -14.248058 0.036337 12.5609 21.252756 27.468166 30.43046 30.728052 31.583517 33.389034 34.723106 35.610542 36.149899 34.970325 31.494532 25.66943 18.299807 10.136161 2.713102 -2.5218 -4.431658 -3.465716 -0.045494 5.472661 12.417235 19.306421 26.479439 33.455704 39.426933 44.420578 49.340069 53.811699
30.812876 20.758814 16.281147 18.430372 22.193211 27.629093 31.826023 35.389984 34.641018 36.047165 36.093662 36.661137 34.220734 30.427446 24.025213 17.731495 10.310248 5.286366 3.224402 1.771127 -1.198125 -4.466989 -10.223055 -18.371241 -26.111036 -29.746389 -28.624327 -22.101671 -10.489638 4.139201 16.8487 25.882275 32.505814 36.178165 36.875866 37.776279 39.045731 39.134853 38.215115 36.740952 33.424023 28.094585 21.141039 13.31647 5.395875 -0.887175 -4.702765 -5.372683 -3.164201 1.114102 6.77841 13.583645 20.254618 26.892965 33.509533 39.544106 44.820732 50.039898 54.886051 59.096222
14.73872 11.286747 14.693719 19.621546 25.635117 29.548689 32.358112 30.425116 30.13662 28.768766 29.118313 26.79212 23.919519 19.202475 14.498736 8.064914 3.695342 0.996499 -1.759215 -5.756302 -9.614351 -15.276374 -21.725559 -27.130999 -28.629055 -25.966959 -18.502821 -7.029063 7.219201 19.803722 29.196932 36.404049 40.565552 41.188797 41.201851 40.931324 38.953884 35.994743 32.872219 28.433666 22.594975 16.023983 9.153 2.535048 -2.122607 -4.40086 -4.171118 -1.24834 3.406915 8.905793 15.296789 21.725784 27.863167 34.148277 40.222939 45.649754 50.8535 55.655468 59.528206 62.632912
8.634659 12.630971 17.87089 23.776125 27.074961 28.790634 25.711977 23.76502 21.00618 20.834047 18.671495 16.755342 13.846759 10.804022 5.626357 1.900401 -1.622364 -5.846204 -10.822559 -15.058069 -20.242348 -24.378117 -26.736303 -25.698011 -21.693586 -13.604072 -2.654335 10.564478 22.560783 32.217751 39.578182 43.40575 43.150314 41.394398 38.677883 34.297306 29.76384 25.91622 21.646481 16.872511 12.207736 7.290326 2.587462 -0.212092 -0.996921 -0.084112 3.320315 8.139433 13.25843 18.912628 24.632013 29.870584 35.386086 41.169533 46.606789 51.864529 56.66256 60.319489 63.077881 65.266769
11.275432 16.267195 21.511765 24.074282 24.647743 20.685955 17.38521 13.658132 12.903223 10.847339 9.62455 8.171909 6.470717 2.527623 -0.533971 -4.661366 -10.002891 -15.593352 -19.840708 -24.226978 -25.964365 -25.143135 -21.435331 -16.203297 -7.391751 3.279214 15.423652 26.514975 36.088745 42.472935 44.587708 42.269444 37.881207 32.233505 25.918272 20.808825 17.483936 14.782786 12.408013 10.504742 8.055601 5.473461 4.420809 4.873066 6.318946 9.923907 14.630672 19.133272 23.848499 28.580326 32.906425 37.687077 43.142632 48.378307 53.462883 57.847034 60.873505 62.934772 64.304695 65.189919
15.264652 19.571114 21.642939 21.474985 17.328485 13.354402 9.124597 7.68078 5.505929 4.379939 3.569191 2.542978 -0.409408 -2.944003 -7.501544 -13.550409 -19.26347 -23.108513 -26.108473 -25.23469 -21.027044 -14.613884 -8.130715 1.044965 11.355762 22.024168 31.581167 40.057652 44.375172 43.546978 38.327518 30.980394 22.693851 15.398107 11.053573 9.658335 9.778106 10.728435 11.872415 11.777085 10.861923 10.978662 12.181531 13.911262 17.401892 21.743929 25.425659 28.987528 32.566578 36.102486 40.271175 45.323708 50.074421 54.609394 58.073677 60.087067 61.317856 62.011913 62.415218 61.9384
19.164902 20.738745 19.648264 15.447695 11.134303 6.629389 4.471599 2.421002 1.339997 0.848735 0.352917 -1.725128 -4.008743 -8.929814 -15.470359 -21.323326 -24.664545 -25.793663 -22.136335 -14.402292 -4.913258 3.252897 12.416188 21.970507 30.433546 37.191414 42.766129 43.813507 39.178185 30.877508 21.13261 11.521293 4.574581 2.253529 3.673194 7.122643 11.410736 15.428756 17.455595 17.997683 18.979034 20.683931 22.427324 25.339546 28.765312 31.277039 33.551666 35.919006 38.772373 42.404339 46.851646 50.726135 54.400852 56.631668 57.46027 57.82056 57.777401 57.550411 57.023567 56.630428
21.244823 18.932718 14.400661 9.71078 5.137991 2.198705 0.320865 -0.819795 -1.418194 -1.92671 -3.434702 -5.65187 -10.559977 -16.781374 -22.065546 -24.284237 -23.08506 -16.60573 -5.863266 6.361876 16.088366 25.11268 33.522636 39.391109 42.474537 43.927128 40.745506 32.191162 21.443729 10.588712 1.274365 -3.899383 -3.41555 0.859779 7.29178 14.370332 20.637423 24.312393 26.130829 27.800251 29.632475 31.039461 32.970699 35.044399 36.147491 37.215981 38.475735 40.708233 43.668705 47.114906 49.634716 52.068588 52.829712 52.441326 51.959793 51.276283 50.411953 49.793858 50.047798 49.445663
17.807871 13.011802 8.124981 3.751227 0.322941 -1.377224 -2.713691 -3.575418 -4.377875 -5.650843 -7.765162 -12.211078 -17.456526 -21.400801 -21.973856 -18.392324 -9.393219 3.500972 17.309237 27.933792 36.339851 42.920166 45.772911 45.049683 42.226067 35.297554 24.083189 12.455462 1.971534 -5.744637 -8.655603 -5.748414 0.531035 9.066396 18.056341 25.930712 31.19281 34.337872 36.559834 38.211021 38.96994 39.458328 39.886513 39.568172 39.632813 40.073135 41.836449 44.129616 46.389694 47.266926 48.029865 47.02504 45.245689 43.80278 42.696262 41.620174 41.248833 42.263966 43.384716 45.489403
10.806231 5.853219 1.85386 -1.614164 -3.041862 -4.487338 -5.478259 -6.661117 -7.96863 -9.998549 -13.730531 -17.722919 -19.94562 -18.622936 -12.697186 -1.453938 12.998825 27.615486 38.592323 45.788643 49.770203 49.163925 44.619709 37.821732 28.238213 16.066521 5.266405 -3.500605 -8.888703 -9.688039 -5.150412 2.060431 11.681791 21.779072 30.780474 37.333805 41.575481 44.069134 45.278435 45.214291 44.348843 43.390423 41.927517 41.12598 40.736397 41.610886 42.648903 43.340832 42.588799 41.91819 39.842373 37.614048 36.126091 35.270851 34.367031 34.211941 35.497803 37.398418 40.471947 44.217739
1.979663 -1.621805 -4.772205 -5.84882 -7.124844 -7.952637 -9.448306 -10.982952 -12.909094 -15.713784 -18.122665 -18.229744 -14.616554 -6.400321 6.654305 21.750755 36.363037 46.911659 52.427013 53.408863 49.581509 41.746796 31.927456 21.078094 9.649421 0.915949 -5.382847 -8.315692 -7.717135 -2.793398 4.074866 13.534325 23.704025 33.25391 40.74966 45.908195 48.639412 49.456257 48.814644 47.122234 45.360054 43.23262 41.912891 40.666977 40.259308 39.668465 38.780373 36.790703 35.391266 33.274097 31.545033 30.699709 30.389566 29.767366 29.698299 30.850552 32.781155 35.974705 39.968384 44.029247
-6.694339 -9.10097 -9.76743 -10.611216 -11.094881 -12.990519 -14.951542 -16.803301 -18.688663 -19.410955 -17.074947 -10.933684 -0.588446 13.743325 28.843439 42.673737 52.095993 55.757267 54.04438 47.671646 37.637569 26.269758 15.556551 6.057316 -0.066349 -3.862334 -4.804177 -3.542743 0.824211 6.648968 15.175145 24.63167 33.920933 41.6091 47.017639 49.856598 50.554932 49.992477 48.37701 46.724869 44.444595 42.775711 40.64357 38.778996 36.504658 34.374821 31.696171 30.087284 28.588066 27.913546 28.079903 28.680588 28.727303 28.832378 29.525045 30.824312 33.226467 36.446171 40.088562 42.831169
-12.435589 -12.616499 -12.853295 -12.923485 -15.234202 -17.977232 -20.078501 -21.366482 -20.692543 -16.176289 -7.655608 4.573732 19.607401 34.349735 47.074638 55.051636 56.759205 52.822052 44.532806 33.286854 21.572601 12.107788 5.122378 1.614486 -0.114378 0.271675 1.400126 4.468493 8.746675 15.72416 23.692333 32.027119 39.295368 44.564369 47.638447 48.858082 49.202095 48.637859 47.919224 45.99892 44.175579 41.201153 37.98177 34.343376 31.510284 28.793213 27.669571 27.296824 27.899059 29.091982 30.40937 30.931959 31.079315 31.313789 31.700085 33.061443 35.113529 37.850239 40.214626 42.107674
-14.53967 -14.091646 -13.771098 -16.375551 -19.853878 -22.391413 -23.380049 -21.657911 -15.561823 -5.071212 8.77159 24.020042 38.243729 50.136318 56.698975 56.616085 51.046921 41.397667 29.343649 17.798935 9.759746 5.109214 3.747675 3.618822 4.901523 5.735221 7.419732 10.139009 15.233665 21.132 27.82432 33.962353 38.703724 42.14024 44.43264 46.348396 47.613121 48.436275 47.432323 45.909077 42.522175 38.525093 34.162415 31.151333 28.799643 28.61734 29.640093 31.687731 34.04044 36.15065 37.058601 37.085464 36.744747 36.082039 36.172058 36.786011 38.272881 39.755661 41.079041 42.116707
-14.895123 -14.303544 -16.927368 -20.76236 -23.606884 -24.436159 -21.743359 -14.280312 -2.170422 12.947018 28.111286 41.443821 52.096931 57.045227 55.261311 48.471691 38.125069 26.005472 15.131146 8.574143 5.924787 6.015489 6.730112 8.341 8.589187 8.657608 9.673967 12.674035 16.270437 21.149014 26.298798 30.888529 35.282223 39.280064 43.223854 46.523994 49.062576 49.288925 48.519936 45.439514 41.546326 37.323017 34.676453 32.925903 33.579296 35.628544 38.543068 41.442642 43.846935 44.856297 44.62542 43.820309 42.466602 41.66642 41.205818 41.78091 42.57233 43.405727 44.00528 44.904049
-14.462409 -16.929829 -20.726845 -23.630552 -24.304642 -20.870604 -12.55757 0.383598 15.978232 30.627645 42.941025 52.104527 55.389046 52.24511 44.839569 34.394829 23.055275 13.504839 8.493766 7.333842 8.282564 9.192033 10.68738 10.264032 8.833176 8.157773 9.118424 10.490554 13.676151 18.241259 23.337053 29.334522 35.563629 41.64975 46.746861 50.621651 51.868332 51.785751 49.47097 46.35466 42.925453 40.951736 39.840134 40.947552 43.348122 46.441498 49.256424 51.521019 52.408409 51.948257 50.866562 49.319874 48.122478 47.075436 47.0886 47.26408 47.441452 47.429958 47.722633 46.892818
-16.667463 -20.230227 -22.83828 -23.121325 -19.034302 -10.104428 3.117866 18.381716 32.008831 42.784389 49.785107 50.995968 46.658428 38.928841 29.043312 19.288874 11.698038 8.237977 8.291182 9.821294 10.725796 11.927926 10.878867 8.106639 5.678574 4.691803 4.223486 6.298398 10.85914 17.049839 24.855951 33.098694 40.69199 46.942482 51.612286 53.641586 54.294144 53.12035 51.229122 48.925014 47.750652 47.344166 48.866444 51.406769 54.483177 56.990265 58.781952 59.203678 58.368298 57.122608 55.693726 54.518822 53.34375 52.938156 52.265594 51.472912 50.53981 49.940289 48.341122 46.731152
-19.328421 -21.292496 -21.013474 -16.384647 -7.267509 5.528689 19.729654 31.857557 40.509995 44.824837 43.702934 38.371494 30.754892 22.299948 15.136715 10.421673 8.927754 10.368063 12.561604 13.418828 13.998507 12.135346 7.917613 3.539617 0.668078 -1.129957 0.374332 5.435988 13.064454 22.575768 32.316093 40.763264 47.336155 51.975132 54.205452 55.297897 55.194237 54.602558 53.652195 53.507446 53.893673 55.76963 58.432243 61.516285 63.783508 65.336433 65.552055 64.572952 63.252327 62.062439 60.982105 59.833469 59.076691 57.677574 55.895409 53.952747 52.337376 50.109509 47.907337 44.832233
-19.90575 -18.703278 -13.354271 -4.132812 7.609257 19.899544 29.959583 35.937729 37.12125 33.905434 28.239042 21.567772 15.775949 12.505028 11.495621 12.4078 15.294456 17.906097 18.318298 17.789721 14.667281 8.768372 2.321595 -2.203131 -4.715573 -3.159119 2.799403 11.9394 22.774467 33.244122 41.733391 47.839199 51.778477 53.548668 54.558445 55.12101 55.514538 55.76009 56.731056 58.089016 60.409561 63.284008 66.338158 68.267029 69.427986 69.390671 68.340668 67.088768 66.270683 65.502785 64.618515 63.700863 61.886059 59.598866 57.094082 54.755592 52.162041 49.570415 45.71545 40.592091
-16.645411 -10.702984 -1.745624 8.380775 18.153091 25.611616 28.739042 27.065918 22.322681 17.099342 12.41136 10.201999 11.375349 14.381493 17.752176 21.779905 24.617502 24.595558 23.040791 18.823633 11.689391 3.555137 -2.25408 -5.185796 -3.508471 2.89364 12.900632 24.173513 34.333378 42.012138 47.18362 50.057884 51.074631 51.862118 52.843082 53.978775 55.2616 57.302139 59.644466 62.553925 65.702347 68.734268 70.368759 71.134209 70.824005 69.755424 68.642586 68.197464 67.820557 67.294785 66.333694 64.279892 61.722 58.897339 56.098202 53.33456 50.547367 46.206924 40.185905 33.478783
-8.061004 0.498121 8.777999 15.729313 20.185478 20.308855 16.181854 10.603876 6.516542 4.382325 6.018576 11.359198 17.892595 23.333235 28.357307 31.558352 31.512072 29.208319 24.130693 15.996155 6.399157 -0.56531 -3.684452 -1.803616 4.665235 14.814187 25.648411 34.559479 40.75824 44.811794 46.773617 47.328232 48.236683 49.672089 51.404709 53.444145 56.293968 59.381763 62.854832 66.374428 69.554367 71.143005 71.727776 71.240517 70.09127 68.990463 68.643417 68.460548 68.225418 67.366562 65.36367 62.899311 60.0784 57.126163 54.317188 51.371632 46.701477 40.01228 32.245373 24.48856
