atributos_novos/Unit_B1_Upper_InsPh_Mean.grd
DSAA 
487 821
667000 691300
7126000 7167000
117.7262 -114.919
[rows 405 to 431 of 818, columns 60 to 119 of 487]
22.947222 28.529537 34.17165 37.139645 36.249886 32.064949 25.470514 16.794071 10.348374 5.86756 3.471532 2.94883 3.388523 4.479383 7.098578 11.731771 17.686373 24.416353 29.724358 33.123077 34.680191 -18.523052 -17.96769 -17.069975 -15.333346 -12.360147 -7.856431 -2.796338 2.089601 6.462233 9.067484 9.239227 7.740587 5.611005 2.869689 0.806757 -0.410946 -0.622431 -0.527056 0.204948 0.751535 1.002932 0.574591 -0.243091 -0.75907 -1.027597 -0.116409 1.103348 2.341481 2.203434 0.685802 -3.178073 -7.521384 -11.821614 -15.906865 -18.475248 -18.812529 -17.673161 -14.952741 -10.004302
31.030319 37.496784 40.751888 39.530926 34.521629 26.560884 16.081009 7.828543 1.618828 -2.084296 -3.291233 -2.569868 -0.793989 2.736176 8.282562 15.113033 22.29855 28.216928 32.609329 34.651882 -19.284824 -18.384869 -17.355541 -15.3594 -12.445435 -8.114779 -3.165899 1.895504 6.689076 10.173825 11.224586 10.351858 8.646756 6.09848 3.800913 2.354214 1.77244 1.341893 1.581935 1.99042 2.312925 2.229096 1.865281 1.544908 1.323583 2.0179 3.173198 4.543649 5.182444 4.262021 1.004259 -3.364648 -8.170448 -13.523165 -17.57386 -19.355894 -19.153772 -16.91452 -11.996111 -5.931168
35.69722 38.94305 37.47427 32.111874 23.701851 12.597203 3.42306 -3.559886 -7.492386 -8.373212 -6.616841 -3.325538 1.737572 8.25971 15.526403 22.54722 28.158663 32.606647 34.600555 -18.156757 -16.899952 -15.698139 -13.391289 -10.501589 -6.391891 -1.856741 2.856164 7.382699 11.046201 12.23963 11.461933 9.757819 7.106282 4.40406 2.681666 1.76036 0.965085 0.87191 1.096867 1.426496 1.642772 1.712033 1.720108 1.711302 2.246741 3.345429 4.955383 6.30272 6.313995 4.425414 0.926017 -3.84202 -9.875977 -15.256938 -18.915524 -20.369667 -19.116795 -14.785468 -8.499287 -1.666697
34.316406 32.213478 26.13254 17.243196 5.872618 -3.667186 -10.840736 -14.318254 -14.345554 -11.267076 -6.196124 0.67811 8.127266 15.759171 22.643557 27.617834 31.654079 33.486782 -14.262175 -12.812661 -11.614949 -9.251165 -6.691857 -3.325915 0.2321 3.945649 7.442675 10.453605 11.131886 9.894805 7.837287 4.898853 1.826931 -0.049503 -1.012279 -1.805809 -1.814024 -1.451448 -0.735384 0.13887 1.005866 1.754361 2.335322 2.932674 4.080318 6.00383 8.00141 9.174091 8.922932 6.617344 1.920862 -4.874444 -12.051392 -18.030325 -21.762087 -22.012459 -18.665661 -12.654921 -5.488377 1.472238
25.663418 19.061598 9.920068 -1.173184 -10.731108 -17.987438 -21.054615 -20.397573 -16.601028 -10.419687 -2.302144 5.629761 13.393212 20.33967 25.011108 28.761194 30.611023 -7.703591 -6.323614 -5.385201 -3.427085 -1.548489 0.691884 2.842058 5.195493 7.249899 9.04985 8.802594 7.018199 4.552414 1.526476 -1.55308 -3.190587 -3.975269 -4.525118 -4.42888 -4.036498 -3.232546 -1.932685 -0.511746 1.018267 2.29477 3.18299 4.423674 6.50614 8.646886 10.585938 11.585902 10.365172 6.239542 -0.487701 -8.640641 -16.036203 -21.324873 -23.191715 -21.247725 -16.291172 -9.981423 -3.458183 3.090697
15.336637 6.377559 -4.196273 -13.885184 -21.911139 -25.355581 -24.837252 -21.342821 -15.052445 -6.605115 0.831359 7.765849 14.045621 17.823996 20.65597 22.25507 -0.15551 0.805584 1.246082 2.447984 3.425825 4.340008 5.051703 6.026192 6.518214 6.925435 5.712883 3.517859 0.842344 -1.929897 -4.527726 -5.579481 -6.076818 -6.345029 -6.243103 -6.110285 -5.519541 -4.035881 -2.301958 -0.173668 1.714447 2.815192 3.896696 5.765476 7.492542 9.534777 11.119684 10.757578 7.46076 1.54458 -6.486652 -14.089196 -19.980598 -22.925932 -22.303398 -18.8783 -14.304062 -9.20452 -3.608914 1.630434
7.768804 -2.404691 -12.436217 -21.834198 -26.481876 -26.794195 -24.346966 -18.859974 -10.971529 -4.712713 0.661411 5.777008 8.52213 10.80106 12.224233 7.242568 7.91051 7.81388 8.104939 8.065654 7.536584 6.566159 6.10032 5.176213 4.314171 2.331451 -0.013779 -2.645887 -4.963475 -6.882305 -7.201513 -7.241084 -7.052029 -6.877883 -6.981203 -6.692304 -5.379102 -3.849983 -1.527859 0.704465 1.855115 2.614623 4.048226 4.924613 6.335052 7.900953 8.22249 5.856496 1.180567 -5.714197 -12.732668 -18.791731 -22.483 -22.902752 -21.117796 -18.471447 -15.053391 -10.941482 -7.04319 -2.361185
3.982253 -6.390096 -17.157068 -23.497066 -25.289316 -24.410324 -20.445702 -14.077996 -9.311127 -5.351178 -1.217458 0.850088 3.224589 4.795114 12.921211 13.402315 12.893353 12.455809 11.645183 9.937896 7.494195 5.717428 3.591359 1.536991 -1.051596 -3.296874 -5.467857 -7.001799 -7.913106 -7.305974 -6.686753 -5.963763 -5.517691 -5.473854 -5.058654 -3.713051 -2.309317 -0.096664 2.00827 2.707624 2.657574 3.090038 2.782874 3.016601 3.791017 4.061379 2.11749 -1.663667 -7.26409 -13.021882 -18.267639 -21.681776 -22.19235 -21.280182 -20.172693 -18.572056 -16.21397 -14.257133 -11.224874 -9.012688
4.627764 -7.394443 -15.926858 -20.035589 -21.454754 -19.581366 -14.872066 -10.887639 -7.183981 -3.156022 -0.777764 1.983864 3.755885 17.256252 17.806915 17.191303 16.465643 15.36057 12.931247 9.327827 6.370259 3.123843 -0.167673 -3.269887 -5.32763 -6.920351 -7.552964 -7.173565 -5.447621 -3.994494 -2.639849 -1.877734 -1.798189 -1.663157 -0.827205 -0.061997 1.503071 3.054252 3.212669 2.344955 1.720658 0.247114 -0.855397 -1.167945 -1.180564 -2.558899 -5.073456 -8.646645 -12.22912 -15.465605 -17.533072 -17.395351 -16.717236 -16.687878 -16.942562 -16.6705 -16.956518 -16.445091 -15.599341 -14.895932
5.334389 -5.610577 -12.495475 -16.626215 -17.216543 -14.065839 -10.343068 -6.263952 -1.581025 2.038081 5.803064 7.945934 18.468319 19.297413 18.882051 18.381599 17.441702 14.911991 10.81893 7.188154 3.264839 -0.782688 -4.088751 -6.022087 -7.125636 -7.138967 -5.850136 -3.467392 -1.412577 0.24075 1.280593 1.460126 1.58553 2.166265 2.746988 3.820644 4.913223 4.590091 3.056194 1.509576 -0.791584 -2.942929 -4.167162 -4.462266 -5.524704 -7.123072 -8.897259 -10.647969 -12.241354 -12.878354 -11.821362 -11.145388 -11.556063 -12.779614 -14.074695 -16.210543 -17.980808 -18.684462 -18.59841 -19.510427
4.215141 -5.004792 -11.490384 -14.231853 -12.647691 -8.818339 -3.804173 2.239098 7.831649 13.610793 16.512838 16.089758 17.526819 17.744686 18.20443 18.07354 16.244461 12.384942 8.568441 4.369537 -0.189975 -3.698617 -5.752445 -6.711424 -6.616374 -5.046424 -2.694901 -0.552931 1.093264 2.364463 2.896254 3.430154 4.176707 4.904117 5.801857 6.737782 6.323753 4.79508 2.99666 0.359914 -2.499876 -4.416507 -5.340901 -6.564239 -7.63688 -8.223814 -8.874454 -9.305202 -8.965567 -7.383822 -6.597625 -6.842486 -8.239617 -9.927472 -12.759016 -15.766407 -17.606449 -18.143179 -18.717941 -19.927387
1.118046 -7.280479 -11.801709 -11.595782 -7.468661 -1.274784 6.437865 14.12923 21.688084 25.267097 12.405389 14.326802 15.254964 16.908497 17.964184 17.128588 14.038138 10.423054 6.110902 1.133872 -2.533133 -4.838589 -5.936273 -6.066442 -4.72205 -3.019938 -1.462076 -0.397611 0.660604 1.352327 2.299409 3.48214 4.747722 5.88046 6.97416 6.88486 5.912611 4.459783 2.177042 -0.493548 -2.531507 -3.930506 -5.235301 -5.91133 -6.019774 -5.988907 -5.460579 -4.346109 -2.488417 -1.391351 -1.357705 -2.880247 -4.954888 -8.155715 -11.928258 -14.498286 -15.202621 -15.114016 -14.884117 -12.559701
-4.196429 -10.391479 -11.28757 -6.81209 0.396247 9.628652 19.149214 27.806602 31.681025 9.802424 11.993958 13.387709 15.889595 17.76236 17.682369 15.375403 12.197176 7.98259 2.970323 -0.63332 -3.184612 -4.666038 -5.343027 -4.743772 -4.251521 -3.960791 -4.042126 -3.716189 -3.316333 -2.241174 -0.56066 1.369538 3.120975 4.907072 5.684395 5.756947 5.26259 3.842349 1.852787 0.273268 -1.035669 -2.029034 -2.08751 -1.702977 -1.170354 -0.056548 1.415106 3.188686 4.22434 4.034131 2.197282 -0.281795 -3.694792 -7.64535 -10.167661 -10.555725 -9.740165 -8.500408 -4.872484 -0.614555
-9.146726 -11.565463 -7.742131 -0.726313 9.333927 20.43688 30.783739 35.378422 6.221624 8.254462 9.73953 12.579296 14.767653 15.36947 14.073593 11.843923 8.357735 4.095748 0.930523 -1.480895 -3.159451 -4.436108 -5.002856 -6.0202 -7.414755 -9.014687 -9.622817 -9.544488 -8.260201 -5.953735 -3.240529 -0.795026 1.801123 3.454072 4.555356 5.045962 4.552667 3.239294 2.069324 0.805249 -0.079859 0.027607 0.409814 1.037142 2.236668 3.646712 5.257884 6.313346 6.068408 4.359113 2.067654 -1.068373 -4.474994 -6.316394 -6.08576 -4.610728 -2.703102 1.207159 5.49778 9.644867
-9.699463 -7.183079 -1.153898 8.624834 20.011812 31.404961 36.624229 5.494307 7.031492 8.025947 10.229342 11.883724 12.361621 11.406836 9.945588 7.276622 3.867908 1.306767 -0.680751 -2.359813 -4.008018 -5.498422 -7.837371 -10.852697 -13.764288 -15.303025 -15.579663 -14.184916 -11.419203 -8.418416 -5.632619 -2.599933 -0.362497 1.540707 2.894121 3.25282 2.579726 1.728271 0.443571 -0.260346 -0.029361 0.303164 1.183496 2.821794 4.356875 5.923251 7.196403 6.896852 5.040172 2.766367 -0.186703 -3.158516 -4.375475 -3.493543 -1.511768 0.797712 4.543275 8.34987 11.698824 15.094691
-4.426417 0.424947 9.510519 20.605543 31.979603 37.490288 7.277293 8.038161 8.11804 8.852841 9.275959 8.859653 7.716952 6.882985 5.287881 3.16588 1.665633 0.444652 -0.972385 -2.694503 -4.746427 -7.871951 -11.904067 -15.721939 -18.140272 -19.066612 -18.066713 -15.458247 -12.600462 -9.875469 -6.807412 -4.377218 -2.110323 -0.35445 0.667184 0.776446 0.379499 -0.539951 -0.716335 -0.3663 -0.129665 1.172593 3.31372 5.283655 7.384422 9.306642 9.243572 7.378285 4.80045 1.572582 -1.606369 -2.93845 -2.01552 0.062232 2.271005 5.590052 8.838987 11.435118 14.411997 18.886221
4.358364 11.965988 21.790792 31.866684 37.118507 9.117238 8.876542 7.771703 6.512429 5.055639 3.464916 2.042885 2.020296 1.916964 1.595782 1.554071 1.388918 0.503178 -0.993174 -3.058416 -6.352765 -10.730286 -14.90032 -17.774498 -19.298717 -18.761242 -16.554417 -14.176437 -11.876716 -9.083591 -6.958245 -4.861278 -3.150249 -1.947743 -1.575112 -1.60613 -2.081512 -1.742053 -1.299062 -1.022158 0.398751 2.654198 4.74518 7.37044 9.970755 10.662613 9.492927 7.420882 4.35295 1.214105 -0.483755 -0.226271 1.019971 2.332448 4.335044 6.324929 7.950595 10.340326 14.870759 19.315355
17.697592 25.39913 33.17025 37.635895 8.606068 7.378882 5.146226 2.009024 -1.138267 -3.778281 -5.336805 -4.394392 -2.843885 -1.174001 0.522212 1.773119 1.840067 1.061926 -0.481143 -3.311793 -7.299742 -11.237974 -14.136924 -15.99824 -15.966348 -14.624199 -13.189363 -11.905592 -10.041224 -8.731721 -7.083683 -5.712578 -4.538002 -3.973503 -3.820645 -4.061288 -3.461307 -3.133661 -3.053774 -1.650766 0.604457 2.959053 6.314869 9.918605 11.962786 12.088732 10.919831 8.308875 5.263072 2.811381 1.860342 1.725127 1.813944 2.329419 3.078746 3.987853 5.936576 10.115388 14.765437 18.540083
32.000618 36.08963 38.932476 9.579577 7.596969 4.349411 -0.552177 -5.446572 -9.590444 -11.833551 -10.508602 -7.746303 -4.356369 -0.823742 1.882641 3.001803 3.054474 2.261474 -0.026627 -3.478839 -7.020034 -9.846275 -12.023462 -12.381074 -11.728634 -11.104438 -10.756362 -9.96279 -9.698301 -8.763272 -7.912431 -6.890421 -6.002039 -5.384745 -5.059848 -3.922234 -3.208929 -2.807907 -1.143811 1.259882 3.914862 7.657185 11.726583 14.721078 15.774065 15.361547 13.179392 10.132632 6.705378 4.264992 2.355312 1.026826 0.216275 0.065003 0.595207 2.181095 5.719479 9.929643 13.48554 15.231576
41.26247 42.375832 6.437948 4.101543 0.538342 -5.042225 -10.690522 -15.613967 -17.952333 -16.224178 -12.287136 -7.234022 -1.840653 2.39497 4.631183 5.454939 5.295159 3.508354 0.543571 -2.642523 -5.399625 -7.955713 -8.900999 -9.075638 -9.142145 -9.587705 -9.63122 -10.161777 -9.866877 -9.520028 -8.761375 -7.612817 -6.396904 -5.278118 -3.637187 -2.501155 -1.796062 -0.140202 1.943893 4.677373 8.755064 13.204186 17.147673 19.432249 20.14262 18.777779 16.084009 12.072162 8.327349 4.637141 1.616155 -0.741528 -2.074798 -2.128628 -1.203479 1.415189 4.810198 7.766447 9.281684 9.772425
46.147087 0.687422 -1.687951 -5.202587 -10.726827 -16.328592 -21.386322 -23.502438 -21.324263 -16.561426 -10.355653 -3.494894 2.098855 5.389409 6.890783 7.315213 5.962594 3.408572 0.552667 -1.897515 -4.576764 -5.9129 -6.759287 -7.489099 -8.75551 -9.557203 -10.769094 -11.149136 -11.299719 -10.948726 -10.031025 -8.584219 -6.952596 -5.097752 -3.60843 -2.418271 -0.874304 0.846383 3.543278 7.69733 12.191175 16.816925 20.146082 22.058035 21.809238 19.976688 16.147123 11.962091 7.273321 3.122075 -0.358637 -2.638059 -3.358997 -3.297728 -1.81524 0.463496 2.464235 3.437306 4.469151 3.690609
-5.211814 -7.126948 -10.089653 -14.773512 -19.506865 -24.215082 -26.19449 -24.095684 -19.151503 -12.589948 -4.931093 1.65765 5.848288 7.872087 8.715564 7.734201 5.632524 3.171001 1.069923 -1.645691 -3.453082 -5.225232 -6.825603 -9.015891 -10.579139 -12.254297 -13.036483 -13.505176 -13.415677 -12.746769 -11.545478 -9.897961 -8.231487 -6.667836 -5.005809 -2.992083 -0.927055 2.349661 6.728265 10.988989 15.416052 18.775944 21.006695 21.560913 20.669844 17.76749 14.258523 9.742419 5.397326 1.637756 -1.015772 -2.274109 -3.065948 -2.722767 -1.653676 -0.930513 -0.828971 0.254964 0.194437 -0.433702
-10.713744 -12.799843 -16.247 -19.849676 -23.928251 -25.826241 -24.219656 -19.529776 -13.210518 -5.473807 1.442917 5.995651 8.042429 8.984558 8.135256 6.319995 4.178489 2.425579 -0.34123 -2.596203 -5.142718 -7.545905 -10.666119 -12.918406 -14.991108 -16.169786 -16.816612 -16.705893 -16.206068 -15.150739 -13.441833 -11.832828 -10.194882 -7.946218 -5.429172 -3.107094 0.187718 4.201853 7.662781 11.290206 14.316163 16.854918 18.3234 18.519781 16.926577 14.659849 11.120533 7.404131 4.195852 1.875853 0.355732 -1.260203 -2.025896 -2.133482 -2.738374 -3.476795 -2.501832 -2.109523 -2.065009 -1.24251
-15.634576 -17.618071 -19.605003 -22.372774 -23.690262 -22.451134 -18.213655 -12.639909 -5.63732 0.8783 5.458714 7.447319 8.467937 7.982086 6.753071 5.084213 3.788794 1.108638 -1.723253 -5.280354 -8.779104 -13.099663 -16.122433 -18.422024 -19.709711 -20.168076 -19.685282 -19.226742 -18.388222 -16.89731 -15.665067 -14.485422 -12.297968 -9.840498 -7.683897 -4.682609 -1.027364 1.853942 4.882318 7.792362 10.593183 12.954381 14.388836 14.478768 13.969628 12.164434 9.600412 7.174636 5.033009 2.869128 0.132624 -1.920297 -3.291469 -5.012922 -6.259409 -5.508111 -4.895979 -4.416353 -2.892987 -1.518802
-15.549846 -16.169336 -17.633341 -18.491732 -17.779352 -14.600116 -10.577179 -5.304182 -0.184264 3.759196 5.565252 6.819871 6.959482 6.671906 5.661918 4.879117 2.478845 -0.563342 -4.887292 -9.42501 -14.966059 -19.040232 -22.081861 -23.651466 -23.864286 -22.843716 -22.195675 -21.412266 -20.264118 -19.483902 -18.721403 -16.739996 -14.387534 -12.204035 -9.460931 -6.520192 -4.354483 -2.022056 0.328903 2.811126 5.682147 8.004661 9.428174 10.64235 10.884585 9.872157 8.700988 7.30058 5.00698 1.652977 -1.295694 -3.703237 -6.383722 -8.085391 -7.603419 -6.767575 -5.840083 -3.809725 -2.311444 -2.175321
-9.549342 -9.926436 -10.537746 -10.645823 -8.949457 -7.041584 -4.194983 -1.059358 1.756237 3.14396 4.628081 5.443982 6.030491 5.666396 5.329578 3.194529 -0.006468 -5.001642 -10.540447 -17.314035 -22.577787 -26.473475 -28.240759 -27.979717 -26.004307 -24.52063 -23.281052 -22.122398 -21.518795 -21.060581 -19.412258 -17.148954 -14.9509 -12.581536 -10.520417 -9.2328 -7.96058 -6.626246 -4.955793 -2.060368 0.771186 3.366485 6.215967 8.565612 9.395161 9.748554 9.328789 7.272944 3.672165 -0.122471 -3.517277 -7.217381 -9.495462 -9.595898 -8.788214 -7.800459 -5.780824 -4.890033 -5.366754 -6.038256
-2.512742 -2.80908 -3.46864 -3.213155 -3.356489 -2.989919 -1.945837 -0.354188 0.652678 2.401843 3.936259 5.241836 5.306188 5.203187 3.180244 -0.193792 -5.700142 -12.071808 -19.86491 -26.240908 -31.079281 -33.09956 -32.303318 -29.292421 -26.707823 -24.465971 -22.795347 -22.063602 -21.741602 -20.478848 -18.692049 -16.99029 -15.332287 -14.151039 -13.476393 -12.780788 -11.946826 -10.830097 -8.184672 -5.372743 -2.381294 1.367206 5.296468 7.737723 9.525529 10.163482 8.485023 4.73575 0.320558 -3.783048 -8.156078 -10.708944 -11.158286 -10.451055 -9.736919 -8.24232 -8.466358 -9.874786 -11.429227 -13.041361
